Account,Date,Channel,Units,1:00,2:00,3:00,4:00,5:00,6:00,7:00,8:00,9:00,10:00,11:00,12:00,13:00,14:00,15:00,16:00,17:00,18:00,19:00,20:00,21:00,22:00,23:00,24:00
7810699003 PAWTUCKET RED SOX,10/17/2018,1 kWh,kWh,90.18,95.76,96.0,92.34,90.78,94.5,93.54,91.8,105.0,122.22,137.82,137.04,145.38,139.92,134.1,126.24,121.8,117.12,109.68,109.2,112.68,108.24,107.1,104.4
7810699003 PAWTUCKET RED SOX,10/17/2018,1 Power Factor,Power Factor,73.68627,75.034203,73.63539,73.484433,74.054004,75.07224699999999,75.27968,74.96283100000001,77.299681,82.330698,84.582915,85.571972,85.5639,85.14370699999999,82.963649,82.25064300000001,81.789547,78.088192,76.86933499999999,77.54045699999999,77.389359,77.529004,77.352275,77.400657
7810699003 PAWTUCKET RED SOX,10/17/2018,2 kVAh,kVAh,122.4,127.62,130.38,125.64,122.58,125.88,124.26,122.46,135.6,148.44,162.96,160.14,169.92,164.34,161.64,153.48,148.92,149.94,142.68,140.82,145.62,139.62,138.48,134.88
7810699003 PAWTUCKET RED SOX,10/18/2018,1 kWh,kWh,105.0,107.58,108.84,105.42,106.08,107.22,109.44,106.56,110.7,119.4,135.9,134.88,140.4,137.1,130.44,121.2,112.56,113.76,104.46,103.08,104.34,100.74,102.12,99.72
7810699003 PAWTUCKET RED SOX,10/18/2018,1 Power Factor,Power Factor,77.57157099999999,78.514397,77.687005,77.775995,77.928979,78.957298,79.223563,78.793841,78.277883,80.701988,82.575604,83.260948,82.313653,83.150663,81.211093,80.820392,79.592886,77.00962,77.383115,77.0527,76.77050899999999,76.87652299999999,76.67254,76.55910300000001
7810699003 PAWTUCKET RED SOX,10/18/2018,2 kVAh,kVAh,135.36,137.04,140.1,135.54,136.14,135.78,138.12,135.24,141.42,147.9,164.58,162.0,170.58,164.88,160.62,149.94,141.42,147.72,135.0,133.8,135.9,131.04,133.2,130.26
7810699003 PAWTUCKET RED SOX,10/19/2018,1 kWh,kWh,100.86,104.7,106.74,100.8,103.74,105.54,114.24,107.88,120.12,117.3,133.56,140.1,138.12,146.7,140.46,119.46,111.24,110.88,107.82,107.94,111.66,108.54,109.68,107.28
7810699003 PAWTUCKET RED SOX,10/19/2018,1 Power Factor,Power Factor,75.891975,76.30260600000001,75.991888,75.811691,75.934135,77.004814,79.120713,77.781449,79.37906600000001,80.853561,83.577701,84.90490600000001,84.709327,86.030539,83.865764,80.836199,80.154678,77.727749,77.653231,77.643459,77.451368,77.156161,77.002791,76.475914
7810699003 PAWTUCKET RED SOX,10/19/2018,2 kVAh,kVAh,132.9,137.22,140.46,132.96,136.62,137.04,144.3,138.66,151.32,144.96,159.84,165.0,163.08,170.52,167.34,147.78,138.78,142.68,138.84,139.02,144.18,140.64,142.44,140.28
7810699003 PAWTUCKET RED SOX,10/20/2018,1 kWh,kWh,106.74,111.06,111.66,105.96,107.04,105.42,111.3,106.2,105.24,100.2,101.76,107.64,106.02,114.12,111.36,96.96,97.86,101.82,104.1,103.5,104.4,105.24,102.24,100.68
7810699003 PAWTUCKET RED SOX,10/20/2018,1 Power Factor,Power Factor,77.314058,78.051785,77.386771,76.916986,77.19026600000001,77.296897,77.35742900000001,76.623561,76.161743,76.726989,76.951432,76.826737,77.158324,78.85110999999999,77.599473,73.950541,74.336857,73.875636,74.111478,74.358625,73.90392800000001,74.44645899999999,74.180952,74.180272
7810699003 PAWTUCKET RED SOX,10/20/2018,2 kVAh,kVAh,138.06,142.32,144.3,137.76,138.66,136.38,143.88,138.6,138.18,130.62,132.24,140.1,137.4,144.72,143.4,131.1,131.64,137.82,140.46,139.2,141.24,141.36,137.82,135.72
7810699003 PAWTUCKET RED SOX,10/21/2018,1 kWh,kWh,100.44,101.7,103.62,100.38,98.4,99.6,101.64,99.72,101.46,93.66,95.04,95.82,98.7,100.74,103.02,95.88,96.48,95.7,103.62,103.56,106.32,102.24,109.92,102.78
7810699003 PAWTUCKET RED SOX,10/21/2018,1 Power Factor,Power Factor,74.276401,75.14879499999999,74.730672,74.193602,74.480098,74.73455200000001,74.947678,75.109038,74.827168,74.940278,75.47268299999999,75.469368,75.844828,75.870126,75.62714,75.097413,76.091748,76.647296,76.834064,76.88481800000001,76.978054,77.314649,77.524183,76.138973
7810699003 PAWTUCKET RED SOX,10/21/2018,2 kVAh,kVAh,135.24,135.36,138.66,135.3,132.12,133.26,135.6,132.78,135.6,124.98,125.94,126.96,130.14,132.78,136.2,127.68,126.78,124.86,134.82,134.7,138.12,132.24,141.78,135.0
7810699003 PAWTUCKET RED SOX,10/22/2018,1 kWh,kWh,102.6,104.94,108.42,101.64,104.16,103.98,112.02,113.88,123.72,119.22,123.6,132.42,150.12,149.94,145.44,112.08,111.0,106.14,97.38,96.48,98.34,95.04,95.76,89.4
7810699003 PAWTUCKET RED SOX,10/22/2018,1 Power Factor,Power Factor,76.893247,77.662265,77.319287,77.488297,77.886854,78.805327,81.132963,80.527344,80.618567,80.775719,82.439412,83.68703000000001,85.073256,85.006631,84.275275,80.281193,79.682429,79.189601,77.304937,77.944916,76.825903,76.564585,77.152431,74.476749
7810699003 PAWTUCKET RED SOX,10/22/2018,2 kVAh,kVAh,133.44,135.12,140.22,131.16,133.74,131.94,138.06,141.42,153.48,147.6,149.94,158.22,176.46,176.4,172.56,139.56,139.32,134.04,126.0,123.78,127.98,124.14,124.14,120.06
7810699003 PAWTUCKET RED SOX,10/23/2018,1 kWh,kWh,91.32,92.94,94.74,91.68,89.7,90.48,97.92,97.38,103.14,98.16,115.08,118.86,119.76,115.92,117.42,100.5,94.68,91.08,94.32,97.38,99.72,94.14,97.32,89.94
7810699003 PAWTUCKET RED SOX,10/23/2018,1 Power Factor,Power Factor,74.90474,76.156763,74.593548,74.027187,74.946772,75.482545,77.794249,77.24897,78.16367199999999,78.029855,81.613325,82.575614,82.584601,82.037849,80.537697,77.762681,74.840153,72.64001400000001,75.325564,76.35843299999999,76.168673,76.95369699999999,77.153015,74.56711999999999
7810699003 PAWTUCKET RED SOX,10/23/2018,2 kVAh,kVAh,121.92,122.04,127.02,123.84,119.7,119.88,125.88,126.12,131.94,125.82,141.0,143.94,145.02,141.3,145.8,129.24,126.54,125.4,125.22,127.5,130.92,122.34,126.12,120.6
7810699003 PAWTUCKET RED SOX,10/24/2018,1 kWh,kWh,88.5,94.08,93.66,87.78,92.94,88.62,96.84,94.98,102.78,98.88,109.2,111.78,116.88,119.58,112.74,100.14,97.44,93.18,96.36,97.74,97.56,94.08,96.54,87.96
7810699003 PAWTUCKET RED SOX,10/24/2018,1 Power Factor,Power Factor,74.114248,74.576429,74.053827,73.084088,74.409711,74.98979200000001,77.572544,76.547483,77.538813,77.51061,79.871585,80.030558,80.108487,80.87712900000001,78.557303,76.520034,76.47296300000001,75.532872,77.564088,77.959581,76.621624,75.74188000000001,75.92747299999999,73.15118299999999
7810699003 PAWTUCKET RED SOX,10/24/2018,2 kVAh,kVAh,119.46,126.18,126.48,120.12,124.92,118.2,124.86,124.08,132.54,127.56,136.74,139.68,145.92,147.84,143.46,130.86,127.44,123.36,124.26,125.4,127.38,124.2,127.14,120.24
7810699003 PAWTUCKET RED SOX,10/25/2018,1 kWh,kWh,88.5,89.46,94.5,86.4,91.2,91.02,98.58,95.94,102.48,105.9,110.04,115.44,112.8,115.68,110.1,104.34,105.36,101.22,102.0,98.4,103.74,94.5,96.6,90.66
7810699003 PAWTUCKET RED SOX,10/25/2018,1 Power Factor,Power Factor,73.74802199999999,74.482838,73.39114000000001,72.877714,73.725306,74.225452,76.605703,75.795867,76.938234,76.565503,77.91188199999999,79.11551899999999,78.786978,80.212046,77.828601,76.581101,77.32289300000001,75.773482,78.126676,78.357035,77.883222,76.588014,76.923893,73.14281
7810699003 PAWTUCKET RED SOX,10/25/2018,2 kVAh,kVAh,120.0,120.18,128.76,118.56,123.72,122.64,128.7,126.6,133.2,138.36,141.18,145.92,143.22,144.24,141.48,136.26,136.26,133.56,130.56,125.58,133.2,123.42,125.58,123.96
7810699003 PAWTUCKET RED SOX,10/26/2018,1 kWh,kWh,90.9,92.88,96.3,90.54,94.14,96.6,99.0,98.28,108.12,105.12,107.46,120.18,116.1,119.88,120.06,104.82,101.1,96.72,92.4,91.86,95.1,93.24,92.1,86.22
7810699003 PAWTUCKET RED SOX,10/26/2018,1 Power Factor,Power Factor,73.692554,74.99502700000001,73.64209699999999,73.448677,73.805829,74.123954,78.159662,77.48303,77.572188,77.033973,78.070981,80.037987,78.688151,80.380863,78.597615,79.355556,78.333343,76.872957,77.521055,77.106759,76.474379,76.632927,76.51431,73.359725
7810699003 PAWTUCKET RED SOX,10/26/2018,2 kVAh,kVAh,123.36,123.84,130.74,123.3,127.56,130.26,126.66,126.84,139.38,136.44,137.64,150.18,147.54,149.16,152.76,132.12,129.06,125.82,119.22,119.16,124.38,121.68,120.36,117.54
7810699003 PAWTUCKET RED SOX,10/27/2018,1 kWh,kWh,86.52,87.84,87.84,84.24,88.08,87.24,98.88,126.36,147.24,138.3,146.94,152.82,150.66,150.3,145.68,126.48,98.28,82.98,86.04,87.24,90.06,85.98,88.8,81.0
7810699003 PAWTUCKET RED SOX,10/27/2018,1 Power Factor,Power Factor,74.105343,75.048412,73.40096899999999,73.399575,72.90688,73.772774,78.29284799999999,85.734204,88.86565300000001,87.847923,87.854781,87.659098,87.386142,87.43848100000001,86.241373,83.957802,77.433911,71.590959,72.948782,72.961393,73.00134200000001,73.190027,73.301288,70.005401
7810699003 PAWTUCKET RED SOX,10/27/2018,2 kVAh,kVAh,116.76,117.06,119.7,114.78,120.84,118.2,126.06,147.18,165.72,157.5,167.28,174.36,172.44,171.9,168.9,150.24,126.9,115.86,117.96,119.58,123.36,117.48,121.14,115.74
7810699003 PAWTUCKET RED SOX,10/28/2018,1 kWh,kWh,81.0,82.62,82.68,78.48,81.42,81.78,101.4,146.64,146.4,135.48,139.02,139.2,138.18,119.7,109.08,100.74,104.76,102.18,84.3,83.04,87.24,85.26,85.44,77.1
7810699003 PAWTUCKET RED SOX,10/28/2018,1 Power Factor,Power Factor,70.314966,71.392593,71.112679,70.393416,70.601201,71.23390400000001,78.772775,88.974242,88.772402,88.120571,88.006003,87.916952,87.614518,83.105529,80.835114,80.22474100000001,79.434611,80.529386,74.21746800000001,73.174336,73.452422,73.292721,72.36830400000001,70.567522
7810699003 PAWTUCKET RED SOX,10/28/2018,2 kVAh,kVAh,115.2,115.74,116.28,111.48,115.32,114.78,127.56,164.82,164.94,153.78,157.98,158.34,157.74,143.76,134.94,125.58,131.88,126.9,113.58,113.46,118.8,116.34,118.08,109.26
7810699003 PAWTUCKET RED SOX,10/29/2018,1 kWh,kWh,78.0,81.9,81.42,77.1,78.54,80.52,86.22,85.5,94.32,92.58,99.36,101.1,102.96,104.4,101.7,92.34,94.26,87.54,87.9,86.7,87.54,88.2,87.0,79.68
7810699003 PAWTUCKET RED SOX,10/29/2018,1 Power Factor,Power Factor,70.882269,71.053246,70.683177,70.156255,70.650591,71.844012,75.095089,73.888582,76.87594200000001,77.72382900000001,78.742401,78.886698,78.719899,80.522081,79.586619,76.255953,76.51398,73.829661,75.359577,74.648041,75.07155300000001,74.624903,74.359677,71.714001
7810699003 PAWTUCKET RED SOX,10/29/2018,2 kVAh,kVAh,110.04,115.26,115.2,109.92,111.18,112.08,114.84,115.68,122.64,119.1,126.18,128.16,130.8,129.66,127.8,121.08,123.24,118.5,116.64,116.16,116.58,118.2,117.0,111.12
7810699003 PAWTUCKET RED SOX,10/30/2018,1 kWh,kWh,80.88,84.24,81.84,81.72,80.34,82.5,88.02,85.08,92.28,94.32,101.76,113.1,118.2,121.38,120.48,98.16,97.02,88.98,85.32,84.54,84.3,85.74,85.62,77.7
7810699003 PAWTUCKET RED SOX,10/30/2018,1 Power Factor,Power Factor,71.17490699999999,72.147921,71.441078,70.986091,70.885835,72.120204,75.650615,75.086015,75.827989,74.830579,79.609948,81.20544699999999,82.858848,83.582018,83.100392,77.955199,77.80498,76.82516899999999,75.888746,75.565031,75.56095,75.627036,74.827023,72.079245
7810699003 PAWTUCKET RED SOX,10/30/2018,2 kVAh,kVAh,113.64,116.76,114.54,115.14,113.34,114.42,116.34,113.34,121.68,125.76,127.8,139.26,142.62,145.08,144.78,125.88,124.74,115.8,112.44,111.9,111.6,113.4,114.42,107.82
7810699003 PAWTUCKET RED SOX,10/31/2018,1 kWh,kWh,78.6,81.3,81.84,81.18,80.4,85.92,89.04,95.76,104.46,96.96,106.14,120.42,126.18,125.22,133.38,127.68,125.04,118.08,121.32,121.32,117.48,113.64,113.7,104.82
7810699003 PAWTUCKET RED SOX,10/31/2018,1 Power Factor,Power Factor,72.065516,73.842219,73.423177,73.389804,73.584231,74.165554,76.78625699999999,76.666113,77.318081,76.344026,78.513876,80.222218,81.644476,82.850538,83.287666,84.076319,82.869947,81.599946,82.736804,82.46245400000001,80.98498000000001,81.044933,80.845726,78.516449
7810699003 PAWTUCKET RED SOX,10/31/2018,2 kVAh,kVAh,109.08,110.1,111.48,110.64,109.26,115.8,115.98,124.92,135.12,127.08,135.18,149.88,154.68,151.14,160.2,151.86,150.9,144.72,146.64,147.12,145.08,140.22,140.64,133.5
7810699003 PAWTUCKET RED SOX,11/1/2018,1 kWh,kWh,104.58,105.0,107.04,102.84,101.4,102.12,108.3,108.72,118.26,112.8,129.48,124.26,126.24,121.5,107.64,87.72,85.56,77.04,79.5,81.96,86.28,84.06,83.88,77.1
7810699003 PAWTUCKET RED SOX,11/1/2018,1 Power Factor,Power Factor,78.092943,78.757958,77.871522,77.524422,78.09015600000001,78.584716,80.403286,79.832881,80.123283,80.43904599999999,82.962637,82.70577,83.62442800000001,84.432338,80.698389,76.90196,74.795253,71.714448,73.523623,75.300147,75.58343,75.314943,75.123593,71.834354
7810699003 PAWTUCKET RED SOX,11/1/2018,2 kVAh,kVAh,133.92,133.32,137.46,132.66,129.84,129.96,134.7,136.2,147.6,140.22,156.12,150.24,150.96,143.88,133.38,114.0,114.36,107.4,108.0,108.84,114.12,111.6,111.66,107.34
7810699003 PAWTUCKET RED SOX,11/2/2018,1 kWh,kWh,76.08,79.08,79.5,78.18,76.68,76.92,82.92,82.86,93.54,89.46,108.12,113.64,114.72,124.62,130.14,125.7,121.92,120.72,120.0,113.46,120.9,116.28,102.48,94.08
7810699003 PAWTUCKET RED SOX,11/2/2018,1 Power Factor,Power Factor,71.88940699999999,72.51223399999999,71.38095,71.240155,71.063381,72.016786,74.802758,74.69631,76.848524,76.221298,82.515305,82.891025,81.95746,83.181134,82.673591,81.16917099999999,80.220176,80.60601899999999,81.118326,80.665542,81.07419300000001,82.27913199999999,80.494102,78.180403
7810699003 PAWTUCKET RED SOX,11/2/2018,2 kVAh,kVAh,105.84,109.08,111.36,109.74,107.88,106.8,110.82,110.94,121.68,117.36,131.04,137.1,139.98,149.82,157.44,154.86,151.98,149.58,147.84,140.64,149.1,141.3,127.32,120.3
7810699003 PAWTUCKET RED SOX,11/3/2018,1 kWh,kWh,95.04,98.58,99.3,93.36,91.62,91.92,96.84,96.06,97.92,90.9,86.34,85.38,88.74,91.92,92.7,89.58,87.66,90.24,93.54,97.56,99.48,100.2,100.44,92.4
7810699003 PAWTUCKET RED SOX,11/3/2018,1 Power Factor,Power Factor,78.086573,78.839086,78.011027,77.76631400000001,77.863147,77.80404899999999,79.257942,78.794634,78.605203,76.557868,77.490362,77.2882,77.032217,77.830112,77.35999699999999,76.329452,76.889728,76.870674,78.79988399999999,79.890203,79.282534,80.019186,79.78715600000001,77.232271
7810699003 PAWTUCKET RED SOX,11/3/2018,2 kVAh,kVAh,121.68,125.04,127.26,120.06,117.66,118.14,122.16,121.92,124.56,118.74,111.42,110.46,115.2,118.08,119.82,117.36,114.0,117.42,118.68,122.1,125.4,125.22,125.88,119.64
7810699003 PAWTUCKET RED SOX,11/4/2018,1 kWh,kWh,91.74,92.34,91.5,90.3,90.54,91.98,94.44,100.44,95.34,89.76,90.78,90.3,95.22,91.86,89.04,87.3,88.98,88.26,97.2,102.0,100.44,99.96,99.48,93.84
7810699003 PAWTUCKET RED SOX,11/4/2018,1 Power Factor,Power Factor,77.17858000000001,77.802573,76.828057,76.80923,76.7635,76.96758299999999,78.330718,77.934247,77.59705,76.480398,76.015243,75.937939,76.12111,76.239019,76.33931,76.411508,76.841933,77.303473,80.202465,80.42799000000001,80.329319,80.27107,79.514258,77.549247
7810699003 PAWTUCKET RED SOX,11/4/2018,2 kVAh,kVAh,118.86,118.68,119.1,117.6,117.96,119.52,120.54,128.88,122.88,117.36,119.46,118.92,125.1,120.48,116.64,114.24,115.8,114.18,121.2,126.84,125.04,124.56,125.1,121.02
7810699003 PAWTUCKET RED SOX,11/5/2018,1 kWh,kWh,93.72,95.4,94.14,92.82,93.12,92.22,99.0,100.02,109.5,103.8,109.92,118.2,123.9,114.9,110.1,113.88,108.12,102.66,98.52,101.52,100.2,100.2,100.38,93.06
7810699003 PAWTUCKET RED SOX,11/5/2018,1 Power Factor,Power Factor,77.80725799999999,76.718677,76.857702,77.595815,78.00607600000001,78.51384300000001,80.470404,79.517762,83.096814,82.369248,82.822086,85.18074,84.431273,81.688202,82.134457,82.955492,81.028789,80.007059,78.584453,78.742518,79.299661,78.811087,78.10594,75.959383
7810699003 PAWTUCKET RED SOX,11/5/2018,2 kVAh,kVAh,120.48,124.38,122.52,119.64,119.4,117.48,123.06,125.82,131.7,126.0,132.66,138.78,146.76,140.64,134.04,137.28,133.38,128.34,125.28,128.94,126.36,127.14,128.52,122.52
7810699003 PAWTUCKET RED SOX,11/6/2018,1 kWh,kWh,94.62,98.34,92.34,92.7,93.96,93.36,97.38,110.64,117.0,117.0,118.08,124.32,124.26,124.98,114.96,121.26,176.82,201.42,176.16,97.98,93.78,92.04,93.42,86.22
7810699003 PAWTUCKET RED SOX,11/6/2018,1 Power Factor,Power Factor,76.62774499999999,75.53359,75.587326,75.66295699999999,75.473107,75.868945,78.674774,81.505223,84.049468,83.238864,84.367582,85.51661999999999,85.442611,84.298569,83.313443,83.896361,92.412242,96.284998,92.753648,77.968274,77.720389,77.437027,77.443324,74.929182
7810699003 PAWTUCKET RED SOX,11/6/2018,2 kVAh,kVAh,123.48,130.2,122.16,122.52,124.5,123.06,123.78,135.6,139.2,140.58,139.98,145.38,145.44,148.26,137.88,144.54,189.6,209.22,187.2,125.7,120.66,118.86,120.6,115.08
7810699003 PAWTUCKET RED SOX,11/7/2018,1 kWh,kWh,87.96,86.58,84.12,85.74,83.46,85.08,87.66,91.5,93.78,91.92,98.4,109.02,110.22,108.36,101.94,98.52,92.88,85.92,95.28,92.4,90.96,89.76,91.02,81.36
7810699003 PAWTUCKET RED SOX,11/7/2018,1 Power Factor,Power Factor,75.689741,74.71765400000001,74.782875,74.078022,74.217844,75.12071,77.28164699999999,76.333511,78.07975,79.125602,79.347459,80.328036,81.493064,81.718476,80.10100600000001,79.793848,77.746992,75.602755,78.419246,77.070849,77.18682199999999,76.652293,76.213365,73.577184
7810699003 PAWTUCKET RED SOX,11/7/2018,2 kVAh,kVAh,116.22,115.86,112.5,115.8,112.44,113.28,113.4,119.88,120.06,116.16,124.02,135.72,135.24,132.6,127.26,123.48,119.46,113.64,121.5,119.88,117.84,117.12,119.46,110.58
7810699003 PAWTUCKET RED SOX,11/8/2018,1 kWh,kWh,85.62,87.18,82.68,83.1,85.44,83.1,87.72,91.02,90.42,92.58,99.54,94.5,99.84,102.66,98.28,97.38,92.28,85.56,95.64,95.88,91.38,93.36,93.54,84.18
7810699003 PAWTUCKET RED SOX,11/8/2018,1 Power Factor,Power Factor,73.625731,72.7259,72.82974899999999,73.025191,73.028981,73.705937,75.88994,75.515445,75.743128,76.615059,77.438163,78.077013,79.764133,79.734447,79.945135,79.15642,76.28664300000001,75.69038,79.087553,78.726225,78.348417,77.60013000000001,76.808966,74.37448
7810699003 PAWTUCKET RED SOX,11/8/2018,2 kVAh,kVAh,116.28,119.88,113.52,113.82,117.0,112.74,115.62,120.54,119.4,120.78,128.52,121.02,125.16,128.76,122.94,123.0,120.96,113.04,120.96,121.8,116.64,120.3,121.8,113.16
7810699003 PAWTUCKET RED SOX,11/9/2018,1 kWh,kWh,86.16,87.96,84.24,85.92,84.66,85.02,90.36,93.48,95.22,96.78,101.7,99.36,106.86,123.24,118.44,117.3,141.36,226.38,228.66,227.46,152.4,111.18,112.14,104.46
7810699003 PAWTUCKET RED SOX,11/9/2018,1 Power Factor,Power Factor,75.68431,74.92438299999999,74.58139200000001,74.53556800000001,75.21393499999999,75.51137,77.552915,76.48572,77.649849,77.42489300000001,78.868324,78.823228,80.050289,82.36414599999999,81.536964,80.651543,84.265837,95.690751,96.16639,95.97596,86.580584,80.083313,79.129478,77.525299
7810699003 PAWTUCKET RED SOX,11/9/2018,2 kVAh,kVAh,113.82,117.42,112.98,115.26,112.56,112.62,116.52,122.22,122.64,124.98,128.94,126.06,133.5,149.64,145.26,145.44,165.96,236.58,237.78,237.0,173.34,138.84,141.72,134.76
7810699003 PAWTUCKET RED SOX,11/10/2018,1 kWh,kWh,105.72,106.2,104.04,103.44,103.14,103.74,161.28,244.32,148.86,105.06,116.22,89.94,87.3,87.36,84.72,86.76,85.98,84.6,96.18,99.18,99.78,99.72,93.42,86.64
7810699003 PAWTUCKET RED SOX,11/10/2018,1 Power Factor,Power Factor,78.07085699999999,77.630297,77.451149,77.456845,77.300617,77.46838699999999,87.47914,97.23154699999999,84.677325,79.124326,81.054704,74.872087,72.77583100000001,71.778163,72.21785600000001,72.759403,73.31568100000001,73.672298,77.185519,76.92789499999999,78.04255500000001,77.375291,77.82101899999999,75.521385
7810699003 PAWTUCKET RED SOX,11/10/2018,2 kVAh,kVAh,135.42,136.8,134.34,133.56,133.44,133.92,179.7,251.28,171.66,132.78,143.28,120.0,119.94,121.74,117.3,119.28,117.3,114.84,124.62,128.94,127.86,128.88,120.06,114.72
7810699003 PAWTUCKET RED SOX,11/11/2018,1 kWh,kWh,88.98,88.14,86.76,85.98,88.32,91.56,94.98,101.16,92.22,88.92,84.0,85.44,82.92,82.56,82.5,90.66,93.18,89.1,89.4,91.5,90.42,95.46,89.16,85.14
7810699003 PAWTUCKET RED SOX,11/11/2018,1 Power Factor,Power Factor,75.96839399999999,74.98676,74.957487,74.598539,74.45567199999999,75.395154,76.795422,77.666038,75.326574,74.250427,73.68772299999999,73.021997,73.709969,72.57508399999999,72.68285,76.468686,76.992636,75.57670300000001,74.687217,75.310006,75.998808,76.24434699999999,75.203654,75.316515
7810699003 PAWTUCKET RED SOX,11/11/2018,2 kVAh,kVAh,117.12,117.54,115.74,115.26,118.62,121.44,123.66,130.26,122.4,119.76,114.0,117.0,112.5,113.76,113.52,118.56,121.02,117.84,119.7,121.5,118.98,125.16,118.56,113.04
7810699003 PAWTUCKET RED SOX,11/12/2018,1 kWh,kWh,88.74,88.98,85.2,94.26,96.9,98.22,97.5,99.54,93.84,85.68,85.8,85.02,86.22,83.64,83.64,87.06,98.22,99.06,99.6,92.7,93.66,92.88,100.26,85.92
7810699003 PAWTUCKET RED SOX,11/12/2018,1 Power Factor,Power Factor,75.606831,74.4481,74.580861,76.385857,76.131315,77.14366700000001,76.352117,76.74177399999999,74.67156700000001,73.319542,73.710957,73.542876,74.77592299999999,73.763281,73.79379200000001,74.260436,77.885228,78.51518100000001,78.451594,75.785098,77.092405,75.89022800000001,77.46606899999999,75.89343000000001
7810699003 PAWTUCKET RED SOX,11/12/2018,2 kVAh,kVAh,117.36,119.52,114.24,123.36,127.32,127.26,127.62,129.72,125.58,116.88,116.4,115.62,115.32,113.4,113.34,117.24,126.12,126.18,126.96,122.34,121.5,122.4,129.42,113.22
7810699003 PAWTUCKET RED SOX,11/13/2018,1 kWh,kWh,88.86,89.52,86.04,86.16,91.8,91.5,88.74,90.6,92.28,99.12,105.66,107.64,111.18,112.92,115.68,119.52,114.18,185.88,151.26,101.64,104.76,101.64,97.02,94.5
7810699003 PAWTUCKET RED SOX,11/13/2018,1 Power Factor,Power Factor,76.776138,75.884693,75.434003,75.102293,75.192293,75.988426,75.58502299999999,75.240434,77.03098100000001,78.743728,80.402272,80.02138199999999,81.091594,79.403723,80.188917,80.320909,80.77839499999999,93.07159200000001,87.036186,76.763836,76.50876099999999,76.656414,77.366683,77.248001
7810699003 PAWTUCKET RED SOX,11/13/2018,2 kVAh,kVAh,115.74,117.96,114.06,114.72,122.1,120.42,117.42,120.42,119.76,125.88,131.4,134.52,137.1,142.2,144.24,148.8,141.36,197.64,170.34,132.42,136.92,132.6,125.4,122.34
7810699003 PAWTUCKET RED SOX,11/14/2018,1 kWh,kWh,96.0,97.2,97.98,93.9,97.2,114.48,109.86,102.72,109.74,118.5,127.62,144.6,150.9,141.66,129.42,125.94,128.1,131.1,133.74,136.44,136.92,131.94,122.64,117.3
7810699003 PAWTUCKET RED SOX,11/14/2018,1 Power Factor,Power Factor,78.045025,77.035618,76.882148,76.942832,77.647589,80.062133,80.352144,77.184387,77.99185899999999,81.541731,83.622716,86.409897,87.574287,85.705529,83.77849599999999,84.06164799999999,83.742526,84.90315,85.187751,84.18894,84.336176,83.94954399999999,82.374048,82.557546
7810699003 PAWTUCKET RED SOX,11/14/2018,2 kVAh,kVAh,123.0,126.18,127.44,122.04,125.16,143.04,136.74,133.08,140.64,145.2,152.64,167.28,172.32,165.24,154.5,149.82,152.94,154.44,157.02,162.06,162.36,157.14,148.86,142.08
7810699003 PAWTUCKET RED SOX,11/15/2018,1 kWh,kWh,119.4,121.32,121.68,120.0,125.22,140.58,138.48,144.36,148.38,140.94,148.38,145.74,145.08,147.54,151.74,157.86,160.44,155.94,153.42,158.82,136.44,126.48,123.12,112.38
7810699003 PAWTUCKET RED SOX,11/15/2018,1 Power Factor,Power Factor,83.235871,82.36362,82.139075,82.174124,82.97856,83.637335,83.935386,84.84585899999999,85.314838,85.66534300000001,85.505076,86.16830300000001,87.042478,86.617271,87.70806999999999,89.437875,89.816248,89.799348,89.404451,89.213491,85.433798,83.91851,83.613455,81.436088
7810699003 PAWTUCKET RED SOX,11/15/2018,2 kVAh,kVAh,143.46,147.3,148.14,146.04,150.9,168.12,165.0,170.16,173.94,164.52,173.58,169.14,166.68,170.34,172.98,176.52,178.62,173.64,171.6,178.02,159.6,150.72,147.24,138.0
7810699003 PAWTUCKET RED SOX,11/16/2018,1 kWh,kWh,112.32,114.78,115.26,116.52,121.86,127.2,124.32,126.42,136.98,145.62,148.38,150.06,153.42,157.86,159.78,149.04,162.78,157.8,141.18,140.04,142.62,144.96,125.04,111.96
7810699003 PAWTUCKET RED SOX,11/16/2018,1 Power Factor,Power Factor,82.38972700000001,81.439212,80.92235699999999,82.243859,83.718402,83.619281,83.07624,82.246013,82.98862700000001,84.388823,84.02912099999999,84.9546,85.775293,86.461718,85.628046,85.937017,87.967485,88.049699,85.177052,83.826875,84.10877099999999,83.393074,83.688909,82.129735
7810699003 PAWTUCKET RED SOX,11/16/2018,2 kVAh,kVAh,136.32,140.94,142.44,141.66,145.56,152.16,149.64,153.72,164.94,172.56,176.58,176.64,178.86,182.58,186.6,173.46,184.98,179.16,165.72,167.04,169.56,173.88,149.4,136.32
7810699003 PAWTUCKET RED SOX,11/17/2018,1 kWh,kWh,111.42,114.9,117.0,120.12,123.42,132.6,136.5,135.18,137.52,130.86,130.32,124.62,126.6,127.38,122.16,121.56,130.44,126.6,127.14,131.4,136.56,130.32,118.14,106.62
7810699003 PAWTUCKET RED SOX,11/17/2018,1 Power Factor,Power Factor,82.75355400000001,81.84108,81.532614,82.98719,83.788382,82.22271500000001,82.489623,82.100307,81.675191,81.46996999999999,81.353296,80.583054,80.846041,79.724117,79.25186,78.983112,81.328425,80.903715,81.032725,80.978864,81.723967,81.407081,82.11308199999999,80.847789
7810699003 PAWTUCKET RED SOX,11/17/2018,2 kVAh,kVAh,134.64,140.4,143.52,144.72,147.3,161.34,165.48,164.64,168.36,160.62,160.2,154.62,156.6,159.78,154.14,153.9,160.38,156.48,156.9,162.24,167.1,160.08,143.88,131.88
7810699003 PAWTUCKET RED SOX,11/18/2018,1 kWh,kWh,107.1,109.98,108.78,111.06,117.3,126.0,129.0,130.98,127.02,118.68,123.84,120.6,122.46,126.66,124.74,123.12,127.08,127.38,128.88,130.86,133.44,134.1,121.14,108.48
7810699003 PAWTUCKET RED SOX,11/18/2018,1 Power Factor,Power Factor,81.09263,80.536502,79.970886,80.269094,81.729675,80.67791700000001,81.347612,80.595991,78.962419,78.80924300000001,79.18353499999999,80.01015600000001,81.407996,79.891695,79.717814,80.630422,81.65440799999999,81.40379200000001,81.516222,80.63136899999999,81.909277,81.316376,81.97728000000001,80.107577
7810699003 PAWTUCKET RED SOX,11/18/2018,2 kVAh,kVAh,132.06,136.56,136.02,138.36,143.52,156.18,158.58,162.54,160.86,150.6,156.42,150.72,150.42,158.52,156.48,152.64,155.64,156.48,158.1,162.3,162.9,164.88,147.78,135.42
7810699003 PAWTUCKET RED SOX,11/19/2018,1 kWh,kWh,108.54,111.42,109.5,112.2,121.86,127.14,126.36,133.2,134.94,126.0,128.82,128.64,131.88,133.5,135.18,131.28,135.42,131.94,128.4,130.38,129.78,126.18,118.98,108.24
7810699003 PAWTUCKET RED SOX,11/19/2018,1 Power Factor,Power Factor,80.182395,79.46051999999999,79.832953,80.202066,81.707143,80.703265,80.257789,80.95725999999999,82.173249,83.037639,82.833554,82.746794,82.833123,83.224295,82.758868,83.788111,84.59186,83.898606,84.09098399999999,82.884351,82.300597,83.074706,82.934774,81.558644
7810699003 PAWTUCKET RED SOX,11/19/2018,2 kVAh,kVAh,135.36,140.22,137.16,139.86,149.16,157.56,157.44,164.52,164.22,151.74,155.52,155.46,159.24,160.44,163.38,156.66,160.08,157.26,152.7,157.32,157.68,151.92,143.46,132.72
7810699003 PAWTUCKET RED SOX,11/20/2018,1 kWh,kWh,111.66,113.1,113.94,112.62,121.98,133.56,129.42,131.16,138.06,131.46,135.96,136.56,144.66,144.66,140.52,137.16,140.4,137.76,135.18,136.92,138.3,133.8,124.08,111.9
7810699003 PAWTUCKET RED SOX,11/20/2018,1 Power Factor,Power Factor,82.199598,82.16667199999999,81.430585,81.706901,83.512266,82.74525600000001,83.143727,82.400715,83.682963,83.737243,84.45699499999999,84.567495,85.105954,84.448999,83.404387,83.02257900000001,83.62481899999999,83.234451,82.880218,82.411937,83.125375,82.258911,82.922352,81.62290899999999
7810699003 PAWTUCKET RED SOX,11/20/2018,2 kVAh,kVAh,135.84,137.64,139.92,137.82,145.98,161.46,155.64,159.18,165.0,157.02,160.98,161.46,169.98,171.3,168.48,165.18,167.88,165.48,163.08,166.14,166.38,162.66,149.64,137.1
7810699003 PAWTUCKET RED SOX,11/21/2018,1 kWh,kWh,111.9,115.44,114.54,117.18,123.42,138.3,133.02,135.12,135.3,123.96,120.48,117.9,123.48,126.42,126.9,130.32,132.42,129.66,129.78,135.84,137.22,134.22,128.7,115.62
7810699003 PAWTUCKET RED SOX,11/21/2018,1 Power Factor,Power Factor,83.221065,82.400142,82.462486,82.653301,83.949445,84.164495,83.75340200000001,83.009558,82.507981,80.822214,80.94931600000001,81.43574,81.811194,81.473476,80.87677,81.978624,83.185284,83.598393,83.500051,83.197805,83.43276800000001,83.313891,83.623533,82.745325
7810699003 PAWTUCKET RED SOX,11/21/2018,2 kVAh,kVAh,134.46,140.1,138.9,141.78,147.0,164.34,158.82,162.78,163.98,153.36,148.86,144.78,150.96,155.16,156.9,158.94,159.18,155.1,155.4,163.26,164.46,161.1,153.9,139.74
7810699003 PAWTUCKET RED SOX,11/22/2018,1 kWh,kWh,115.74,121.5,125.22,128.22,135.54,143.88,140.04,141.06,142.02,133.68,135.78,135.48,137.22,140.64,143.46,148.38,145.08,148.44,146.7,152.58,153.06,152.82,135.96,129.0
7810699003 PAWTUCKET RED SOX,11/22/2018,1 Power Factor,Power Factor,83.575851,83.324256,83.021774,84.040906,85.059092,84.93781899999999,85.115222,83.72273100000001,83.841466,83.882124,84.405592,84.19279300000001,84.671764,83.772624,83.595362,85.158362,85.591978,85.87710600000001,86.36666899999999,86.167728,86.30036199999999,86.336512,86.22224399999999,85.110097
7810699003 PAWTUCKET RED SOX,11/22/2018,2 kVAh,kVAh,138.48,145.8,150.84,152.52,159.36,169.38,164.52,168.48,169.38,159.36,160.86,160.92,162.06,167.88,171.6,174.24,169.5,172.86,169.86,177.06,177.36,177.0,157.68,151.56
7810699003 PAWTUCKET RED SOX,11/23/2018,1 kWh,kWh,135.36,137.7,139.74,145.26,147.3,153.9,152.16,161.46,154.02,144.96,145.02,144.18,144.12,147.36,145.14,152.28,147.9,147.06,148.74,154.5,152.52,150.84,133.98,128.76
7810699003 PAWTUCKET RED SOX,11/23/2018,1 Power Factor,Power Factor,84.648134,84.48109699999999,84.300046,84.706603,85.56310500000001,86.79754799999999,86.184584,85.755509,85.62226899999999,85.370915,85.192789,84.730464,85.36053100000001,84.134377,83.847542,85.167128,85.952104,86.02977,86.43688900000001,85.90799,86.023904,85.945128,85.983754,84.549328
7810699003 PAWTUCKET RED SOX,11/23/2018,2 kVAh,kVAh,159.9,163.02,165.72,171.48,172.14,177.24,176.52,188.28,179.88,169.8,170.22,170.16,168.84,175.14,173.1,178.8,172.08,170.94,172.08,179.82,177.3,175.5,155.82,152.28
7810699003 PAWTUCKET RED SOX,11/24/2018,1 kWh,kWh,130.56,134.4,135.84,139.8,141.66,148.68,142.68,148.8,148.02,134.64,136.2,134.64,133.62,133.38,141.3,153.96,150.72,150.54,148.32,154.08,153.0,153.9,145.38,134.64
7810699003 PAWTUCKET RED SOX,11/24/2018,1 Power Factor,Power Factor,84.30756,83.55289,83.912836,85.223937,85.112116,85.991075,84.67454599999999,84.266369,84.138878,82.89931800000001,83.35691,82.98867,82.60250500000001,81.997772,82.925366,85.229946,85.37969,85.231089,85.37246400000001,85.403363,85.684857,85.577056,85.80215799999999,84.676874
7810699003 PAWTUCKET RED SOX,11/24/2018,2 kVAh,kVAh,154.86,160.86,161.88,164.04,166.44,172.86,168.48,176.58,175.92,162.42,163.38,162.24,161.76,162.66,170.34,180.66,176.52,176.64,173.7,180.42,178.56,179.82,169.44,159.0
7810699003 PAWTUCKET RED SOX,11/25/2018,1 kWh,kWh,135.3,137.58,129.6,138.6,123.72,128.22,127.62,131.22,131.22,115.08,115.86,113.7,114.96,118.26,117.72,117.66,117.36,117.78,124.08,131.88,133.14,131.76,124.26,112.38
7810699003 PAWTUCKET RED SOX,11/25/2018,1 Power Factor,Power Factor,84.99707,83.960627,84.615152,84.305432,82.196665,81.28133199999999,81.893575,81.52329399999999,81.171838,79.316582,79.906982,80.159981,80.52297800000001,79.927927,80.015905,79.965908,80.517737,80.284622,81.691289,82.099559,82.516254,82.33440999999999,82.34230600000001,80.523039
7810699003 PAWTUCKET RED SOX,11/25/2018,2 kVAh,kVAh,159.18,163.86,153.24,164.4,150.66,157.74,155.82,160.98,161.64,145.08,144.96,141.84,142.74,147.96,147.12,147.12,145.74,146.7,151.86,160.62,161.34,160.02,150.9,139.56
7810699003 PAWTUCKET RED SOX,11/26/2018,1 kWh,kWh,112.8,117.66,119.4,122.76,134.1,135.54,130.68,132.84,138.48,133.5,131.88,132.84,138.12,136.74,135.66,134.1,134.58,129.0,131.64,133.5,136.74,134.46,126.78,113.04
7810699003 PAWTUCKET RED SOX,11/26/2018,1 Power Factor,Power Factor,80.75604799999999,80.701877,80.91720600000001,82.123813,83.334218,83.88641700000001,83.610175,82.62990500000001,83.380413,84.734864,85.026886,85.210169,85.823272,85.80520200000001,86.29978100000001,85.841698,84.16585,83.197867,83.798556,84.22969499999999,83.663208,83.14614399999999,83.61447700000001,82.123925
7810699003 PAWTUCKET RED SOX,11/26/2018,2 kVAh,kVAh,139.68,145.8,147.54,149.46,160.92,161.58,156.3,160.74,166.08,157.56,155.1,155.88,160.92,159.36,157.2,156.24,159.9,155.04,157.08,158.58,163.44,161.7,151.62,137.64
7810699003 PAWTUCKET RED SOX,11/27/2018,1 kWh,kWh,115.02,116.34,117.3,117.18,118.8,127.56,124.92,132.54,135.06,129.42,133.86,136.14,140.1,140.04,134.46,132.48,136.92,132.12,129.12,130.74,133.5,130.5,124.56,112.02
7810699003 PAWTUCKET RED SOX,11/27/2018,1 Power Factor,Power Factor,83.31394499999999,81.92159699999999,81.931045,81.713092,82.02562900000001,82.393842,82.839129,83.04328000000001,83.819132,83.94779399999999,85.346758,85.66085799999999,85.312996,84.626374,84.62745100000001,84.46445899999999,85.50421,84.43581400000001,84.425529,83.553372,83.58426700000001,83.334099,84.4232,82.500781
7810699003 PAWTUCKET RED SOX,11/27/2018,2 kVAh,kVAh,138.06,142.02,143.16,143.4,144.84,154.8,150.78,159.6,161.1,154.14,156.84,158.94,164.22,165.48,158.88,156.84,160.14,156.48,152.94,156.48,159.72,156.6,147.54,135.78
7810699003 PAWTUCKET RED SOX,11/28/2018,1 kWh,kWh,114.84,118.86,117.96,117.66,124.8,135.18,131.34,134.28,141.42,128.82,138.9,135.12,136.5,140.16,137.58,137.1,141.48,139.02,134.4,141.06,141.0,133.74,127.38,115.56
7810699003 PAWTUCKET RED SOX,11/28/2018,1 Power Factor,Power Factor,83.784975,83.341385,83.09258,83.091622,84.747211,84.83338499999999,84.797825,83.786589,84.95688299999999,84.72983599999999,85.585701,85.369809,85.59134300000001,85.814403,85.66025,85.505374,86.283579,85.815348,85.225774,84.778673,84.643537,83.559212,83.968969,83.483051
7810699003 PAWTUCKET RED SOX,11/28/2018,2 kVAh,kVAh,137.04,142.62,141.96,141.6,147.24,159.36,154.86,160.26,166.44,152.04,162.3,158.28,159.48,163.32,160.62,160.32,163.98,162.0,157.68,166.38,166.56,160.02,151.68,138.42
7810699003 PAWTUCKET RED SOX,11/29/2018,1 kWh,kWh,117.84,119.88,117.78,119.16,120.9,134.52,130.38,134.34,136.74,147.9,150.72,142.14,144.6,143.4,140.22,138.9,144.06,137.4,136.98,140.28,142.8,137.88,133.2,121.02
7810699003 PAWTUCKET RED SOX,11/29/2018,1 Power Factor,Power Factor,83.50875,82.73179300000001,82.582475,82.849672,83.429688,84.67138299999999,84.748861,83.762321,84.324477,87.229832,86.825291,85.62567800000001,86.131904,85.88056800000001,85.542324,85.75361099999999,86.524759,85.226614,85.471907,85.108313,85.226555,85.074938,85.124752,83.762462
7810699003 PAWTUCKET RED SOX,11/29/2018,2 kVAh,kVAh,141.12,144.9,142.62,143.82,144.9,158.88,153.84,160.38,162.12,169.56,173.58,166.02,167.88,166.98,163.92,162.0,166.5,161.22,160.26,164.82,167.58,162.06,156.48,144.48
7810699003 PAWTUCKET RED SOX,11/30/2018,1 kWh,kWh,119.82,124.44,125.1,126.18,134.82,141.06,140.82,143.34,146.22,140.1,141.06,144.9,144.3,144.84,144.78,140.4,137.28,131.46,132.06,135.84,135.78,132.12,127.56,113.46
7810699003 PAWTUCKET RED SOX,11/30/2018,1 Power Factor,Power Factor,84.869969,84.515537,84.654586,85.171906,86.657893,86.860833,86.317837,85.902194,85.742858,86.198225,85.28704599999999,85.61036999999999,85.991659,86.004736,85.539121,85.525672,86.08358,85.29083,85.579011,84.489677,84.761659,84.659289,84.83835699999999,82.975125
7810699003 PAWTUCKET RED SOX,11/30/2018,2 kVAh,kVAh,141.18,147.24,147.78,148.14,155.58,162.42,163.14,166.86,170.52,162.54,165.42,169.26,167.82,168.42,169.26,164.16,159.48,154.14,154.32,160.8,160.2,156.06,150.36,136.74
7810699003 PAWTUCKET RED SOX,12/1/2018,1 kWh,kWh,117.54,120.48,119.22,125.76,129.66,136.8,136.2,153.12,173.28,163.08,171.36,165.42,164.58,162.6,142.2,136.08,127.2,128.82,130.32,130.5,135.36,130.98,128.4,115.92
7810699003 PAWTUCKET RED SOX,12/1/2018,1 Power Factor,Power Factor,83.969554,83.318025,83.875228,84.776958,85.7585,85.36220300000001,85.13976600000001,86.382038,88.612702,88.94211899999999,90.022233,89.958423,89.84204100000001,88.87916899999999,85.618459,84.25071700000001,83.697122,83.41212900000001,83.664671,82.92802900000001,83.37107900000001,83.317514,83.466034,82.826522
7810699003 PAWTUCKET RED SOX,12/1/2018,2 kVAh,kVAh,139.98,144.6,142.14,148.32,151.2,160.26,159.96,177.18,195.54,183.36,190.38,183.9,183.18,182.94,165.96,161.52,151.98,154.44,155.76,157.38,162.36,157.2,153.84,139.98
7810699003 PAWTUCKET RED SOX,12/2/2018,1 kWh,kWh,116.28,117.84,117.3,117.66,124.8,133.5,131.04,132.66,131.58,117.18,117.36,117.78,116.7,113.94,111.18,108.48,106.98,113.1,112.86,121.92,127.68,118.68,118.32,105.06
7810699003 PAWTUCKET RED SOX,12/2/2018,1 Power Factor,Power Factor,83.858521,82.86739399999999,82.417191,83.088176,84.484549,84.12351,84.164128,83.019026,82.84178,81.34611,82.10601899999999,81.24595500000001,81.850216,80.132134,79.699119,79.241766,79.704062,79.171003,80.034015,81.56842900000001,81.630312,80.497916,81.28031,78.916119
7810699003 PAWTUCKET RED SOX,12/2/2018,2 kVAh,kVAh,138.66,142.2,142.32,141.6,147.72,158.7,155.7,159.78,158.82,144.06,142.92,144.96,142.56,142.2,139.5,136.92,134.22,142.86,141.0,149.46,156.42,147.42,145.56,133.14
7810699003 PAWTUCKET RED SOX,12/3/2018,1 kWh,kWh,104.94,105.9,105.18,104.52,108.36,112.08,109.8,118.5,120.66,119.04,125.1,123.66,125.76,129.66,127.2,120.72,125.34,119.88,113.52,125.46,123.72,124.62,121.98,110.16
7810699003 PAWTUCKET RED SOX,12/3/2018,1 Power Factor,Power Factor,79.218597,79.253823,78.999476,79.61492700000001,80.375509,80.508682,80.23974,80.866187,81.509518,84.569417,85.418767,85.95947199999999,86.517218,85.858621,85.32076500000001,84.403835,83.424818,82.35515699999999,81.29955600000001,82.03432600000001,81.216094,82.320669,81.93646,80.322284
7810699003 PAWTUCKET RED SOX,12/3/2018,2 kVAh,kVAh,132.48,133.62,133.14,131.28,134.82,139.2,136.86,146.52,148.02,140.76,146.46,143.88,145.38,151.02,149.1,143.04,150.24,145.56,139.62,152.94,152.28,151.38,148.86,137.16
7810699003 PAWTUCKET RED SOX,12/4/2018,1 kWh,kWh,110.94,113.76,114.3,111.54,121.68,128.88,127.8,129.84,139.14,133.2,137.1,139.74,140.76,140.1,136.44,130.02,138.42,140.22,139.5,138.42,132.12,134.22,129.18,115.44
7810699003 PAWTUCKET RED SOX,12/4/2018,1 Power Factor,Power Factor,81.108609,80.27048,80.384139,80.511525,82.491653,83.613502,83.170958,82.595511,83.144707,83.281809,84.758783,84.691315,84.506654,84.573661,84.75091,84.342113,84.940474,85.604462,85.410866,83.925246,82.938861,83.179376,84.007018,83.364142
7810699003 PAWTUCKET RED SOX,12/4/2018,2 kVAh,kVAh,136.8,141.72,142.2,138.54,147.48,154.14,153.66,157.2,167.34,159.96,161.76,165.0,166.56,165.66,160.98,154.14,162.96,163.8,163.32,164.94,159.3,161.34,153.78,138.48
7810699003 PAWTUCKET RED SOX,12/5/2018,1 kWh,kWh,117.06,121.08,123.36,121.02,130.62,139.44,137.82,142.32,149.04,138.78,144.6,152.82,163.68,162.18,153.72,150.0,144.78,136.02,136.92,136.44,134.88,135.0,126.18,114.84
7810699003 PAWTUCKET RED SOX,12/5/2018,1 Power Factor,Power Factor,83.987665,83.63028100000001,83.412437,83.621018,85.026291,85.41370699999999,84.618574,83.517769,84.34751700000001,84.725881,85.588512,87.756035,88.687864,88.56510899999999,88.051568,87.290257,86.306937,85.315314,85.213557,84.54174599999999,85.02687,84.46191400000001,85.034633,83.94989699999999
7810699003 PAWTUCKET RED SOX,12/5/2018,2 kVAh,kVAh,139.38,144.78,147.9,144.72,153.6,163.26,162.9,170.4,176.7,163.8,168.96,174.0,184.56,183.12,174.54,171.84,167.7,159.42,160.68,161.4,158.64,159.84,148.38,136.8
7810699003 PAWTUCKET RED SOX,12/6/2018,1 kWh,kWh,115.08,119.1,116.94,123.72,129.3,135.0,130.56,133.38,135.24,136.26,140.16,142.86,146.04,158.16,159.72,158.28,155.64,155.64,147.48,146.1,144.66,140.82,136.08,132.36
7810699003 PAWTUCKET RED SOX,12/6/2018,1 Power Factor,Power Factor,84.790812,83.794976,84.30975600000001,84.703086,86.06434399999999,86.209615,85.357084,85.200862,85.867304,85.237346,86.242326,86.176012,86.996623,88.481448,87.94170799999999,88.04784599999999,88.053022,87.609263,86.756853,85.58713900000001,85.04287099999999,85.070189,84.789148,85.405877
7810699003 PAWTUCKET RED SOX,12/6/2018,2 kVAh,kVAh,135.72,142.14,138.72,146.04,150.24,156.6,152.94,156.54,157.5,159.84,162.54,165.78,167.88,178.74,181.62,179.76,176.76,177.66,169.98,170.7,170.1,165.54,160.5,154.98
7810699003 PAWTUCKET RED SOX,12/7/2018,1 kWh,kWh,131.1,134.4,133.08,131.46,128.7,143.22,135.9,139.32,143.64,140.22,147.78,150.06,148.98,154.44,148.38,146.94,153.72,158.16,150.6,156.96,155.94,155.76,151.74,146.52
7810699003 PAWTUCKET RED SOX,12/7/2018,1 Power Factor,Power Factor,85.750716,85.26777299999999,85.111977,85.357157,85.595946,86.211956,84.538591,84.356461,84.957452,86.423898,87.444863,87.176097,87.802459,87.171547,87.537524,87.893588,89.27026,89.2424,88.472348,87.95963499999999,88.04129499999999,88.18638299999999,88.087762,88.349078
7810699003 PAWTUCKET RED SOX,12/7/2018,2 kVAh,kVAh,152.88,157.62,156.36,154.02,150.36,166.14,160.74,165.12,169.08,162.24,169.02,172.14,169.68,177.18,169.5,167.16,172.2,177.24,170.22,178.44,177.12,176.64,172.26,165.84
7810699003 PAWTUCKET RED SOX,12/8/2018,1 kWh,kWh,148.68,152.16,146.7,147.78,150.72,165.96,162.12,162.06,156.42,139.56,135.18,135.0,135.3,135.3,138.12,134.52,139.68,149.1,149.4,151.26,144.54,153.48,147.6,136.44
7810699003 PAWTUCKET RED SOX,12/8/2018,1 Power Factor,Power Factor,88.78643199999999,88.056703,88.683652,88.43686600000001,88.449146,89.142624,88.884336,88.21361999999999,87.74006800000001,85.866507,84.94660400000001,84.910035,85.38271,84.561314,84.732095,85.441958,86.42107800000001,87.470768,87.61047099999999,86.897993,86.532708,87.364779,87.729076,86.732072
7810699003 PAWTUCKET RED SOX,12/8/2018,2 kVAh,kVAh,167.46,172.8,165.42,167.1,170.4,186.18,182.4,183.72,178.26,162.48,159.12,159.0,158.46,160.02,163.02,157.44,161.58,170.46,170.52,174.06,167.04,175.68,168.24,157.32
7810699003 PAWTUCKET RED SOX,12/9/2018,1 kWh,kWh,136.2,138.48,131.58,133.62,139.26,153.24,147.96,146.7,147.06,134.1,133.44,132.18,134.16,134.1,130.74,131.1,142.14,147.0,148.02,152.82,148.02,151.32,145.62,133.44
7810699003 PAWTUCKET RED SOX,12/9/2018,1 Power Factor,Power Factor,86.705363,86.311171,86.57864000000001,86.257464,86.950412,86.963572,86.593998,86.091266,85.81532800000001,84.530437,84.463898,84.339775,84.809347,84.372222,84.417873,84.723426,86.257092,86.634396,87.084314,86.953275,86.927305,86.23995500000001,86.574022,86.270726
7810699003 PAWTUCKET RED SOX,12/9/2018,2 kVAh,kVAh,157.08,160.44,151.98,154.92,160.14,176.22,170.88,170.4,171.36,158.64,157.98,156.72,158.16,158.94,154.92,154.74,164.76,169.68,169.98,175.74,170.28,175.44,168.18,154.68
7810699003 PAWTUCKET RED SOX,12/10/2018,1 kWh,kWh,133.2,135.36,129.42,133.2,143.22,152.7,145.8,145.86,146.82,146.64,147.96,147.42,152.46,156.54,151.14,148.62,158.1,156.6,152.4,157.98,158.04,152.94,153.42,140.04
7810699003 PAWTUCKET RED SOX,12/10/2018,1 Power Factor,Power Factor,86.717843,85.979979,86.177782,86.448695,87.140384,87.124542,87.78911,86.91422299999999,87.18092,86.94816800000001,87.041538,87.343598,87.408759,86.19713,87.502336,87.227785,87.70908399999999,87.03088699999999,86.985874,86.949901,86.902626,85.78913399999999,86.76504399999999,85.747957
7810699003 PAWTUCKET RED SOX,12/10/2018,2 kVAh,kVAh,153.6,157.44,150.18,154.08,164.34,175.26,166.08,167.82,168.42,168.66,169.98,168.78,174.42,181.62,172.74,170.4,180.24,179.94,175.2,181.68,181.86,178.26,176.82,163.32
7810699003 PAWTUCKET RED SOX,12/11/2018,1 kWh,kWh,140.34,143.04,142.56,138.12,148.5,156.96,151.86,155.28,161.34,155.16,154.92,160.98,172.62,167.52,153.0,164.82,165.36,164.52,155.58,157.92,160.26,160.8,150.36,138.3
7810699003 PAWTUCKET RED SOX,12/11/2018,1 Power Factor,Power Factor,86.378508,85.69525300000001,85.749397,86.055899,87.25639699999999,87.084781,87.18305,86.295175,85.578817,86.281174,87.438761,87.33245,88.24383399999999,87.183035,87.775913,89.25307600000001,88.531071,87.492035,86.383763,86.00957700000001,86.0737,85.457544,86.64909,86.65343399999999
7810699003 PAWTUCKET RED SOX,12/11/2018,2 kVAh,kVAh,162.48,166.92,166.26,160.5,170.16,180.24,174.18,179.94,188.52,179.82,177.18,184.32,195.6,192.12,174.24,184.68,186.78,188.04,180.12,183.6,186.18,188.16,173.52,159.6
7810699003 PAWTUCKET RED SOX,12/12/2018,1 kWh,kWh,139.44,141.72,144.54,142.92,146.7,157.32,150.9,156.18,155.76,154.74,155.46,156.48,173.1,175.92,166.08,159.6,152.76,164.94,154.32,156.12,156.48,158.46,145.68,141.12
7810699003 PAWTUCKET RED SOX,12/12/2018,1 Power Factor,Power Factor,87.041547,86.459334,86.036274,86.244623,87.246205,87.373008,86.985316,85.65604599999999,84.923875,86.8135,86.917401,86.525537,88.658014,87.389275,87.457614,87.665599,87.399629,86.50234,85.246332,84.831288,85.115305,85.440827,85.927274,86.21799399999999
7810699003 PAWTUCKET RED SOX,12/12/2018,2 kVAh,kVAh,160.2,163.92,168.0,165.72,168.12,180.06,173.46,182.34,183.42,178.26,178.86,180.84,195.24,201.3,189.9,182.04,174.78,190.68,181.02,184.02,183.84,185.46,169.56,163.68
7810699003 PAWTUCKET RED SOX,12/13/2018,1 kWh,kWh,140.82,144.12,142.26,138.9,155.04,156.12,151.44,154.74,156.9,154.92,167.16,174.0,177.18,168.06,168.36,162.54,158.1,162.0,159.06,159.54,156.96,155.1,148.62,144.36
7810699003 PAWTUCKET RED SOX,12/13/2018,1 Power Factor,Power Factor,86.79771600000001,86.098966,86.217619,86.381644,87.179194,87.827846,87.396563,86.595514,86.589164,86.817908,87.394002,88.174936,88.895648,89.236624,88.51126,87.64028499999999,87.750171,86.867562,86.913673,85.991846,85.962039,85.699787,86.037772,86.42343199999999
7810699003 PAWTUCKET RED SOX,12/13/2018,2 kVAh,kVAh,162.24,167.4,165.0,160.8,177.84,177.78,173.28,178.68,181.2,178.44,191.28,197.34,199.32,188.4,190.2,185.46,180.18,186.48,183.0,185.52,182.58,180.96,172.74,167.04
7810699003 PAWTUCKET RED SOX,12/14/2018,1 kWh,kWh,141.96,144.9,144.42,142.98,153.18,156.54,153.42,151.08,155.16,149.7,150.66,152.46,156.78,160.74,158.04,150.72,144.24,153.06,152.1,147.96,146.82,155.88,150.6,135.72
7810699003 PAWTUCKET RED SOX,12/14/2018,1 Power Factor,Power Factor,86.669193,86.006026,85.841882,86.277858,87.13009100000001,87.409194,87.545259,86.675249,86.44624499999999,86.692774,87.256502,87.455938,87.98369100000001,87.77369499999999,87.25111600000001,87.217843,87.13255500000001,87.567856,87.985865,86.549642,87.137885,87.149187,87.244322,85.977161
7810699003 PAWTUCKET RED SOX,12/14/2018,2 kVAh,kVAh,163.8,168.48,168.24,165.72,175.8,179.1,175.26,174.3,179.46,172.68,172.68,174.36,178.2,183.12,181.14,172.8,165.54,174.78,172.86,170.94,168.48,178.86,172.62,157.86
7810699003 PAWTUCKET RED SOX,12/15/2018,1 kWh,kWh,134.22,137.04,141.54,136.08,135.72,145.08,138.18,142.08,137.82,129.48,127.62,125.04,126.06,131.58,128.34,120.24,124.56,129.9,131.7,136.56,137.34,136.2,133.32,126.84
7810699003 PAWTUCKET RED SOX,12/15/2018,1 Power Factor,Power Factor,86.935355,85.799725,85.74888299999999,86.009889,85.84455600000001,85.989579,86.017783,84.608981,84.823651,84.754713,84.710136,84.309242,84.61564200000001,83.769134,83.88634300000001,84.802688,85.596936,85.67782700000001,85.81246800000001,85.689897,85.628934,86.44422,85.760138,85.412468
7810699003 PAWTUCKET RED SOX,12/15/2018,2 kVAh,kVAh,154.38,159.72,165.06,158.22,158.1,168.72,160.68,167.94,162.48,152.76,150.66,148.32,148.98,157.08,153.0,141.78,145.5,151.62,153.48,159.36,160.38,157.56,155.46,148.5
7810699003 PAWTUCKET RED SOX,12/16/2018,1 kWh,kWh,129.36,131.28,131.88,128.58,130.86,142.38,133.74,136.44,134.04,119.16,124.02,122.82,123.84,125.88,129.06,120.3,124.62,137.88,136.44,140.34,142.38,143.76,144.54,133.14
7810699003 PAWTUCKET RED SOX,12/16/2018,1 Power Factor,Power Factor,86.065675,85.06938000000001,84.70353100000001,85.037964,85.032154,86.18454799999999,84.662293,84.236871,84.201848,84.366365,84.406931,84.58449499999999,84.721113,84.122058,84.405552,85.030824,85.194348,85.822453,86.036169,85.11259100000001,85.906243,85.860873,86.311596,86.073082
7810699003 PAWTUCKET RED SOX,12/16/2018,2 kVAh,kVAh,150.3,154.32,155.7,151.2,153.9,165.18,157.98,161.94,159.12,141.24,146.94,145.2,146.16,149.64,152.88,141.48,146.28,160.62,158.58,164.88,165.72,167.4,167.46,154.68
7810699003 PAWTUCKET RED SOX,12/17/2018,1 kWh,kWh,133.08,135.96,135.0,132.24,134.28,152.94,145.26,145.44,149.7,139.56,149.7,150.66,152.82,156.84,152.4,150.9,147.12,156.9,145.86,144.78,150.96,153.96,149.4,139.38
7810699003 PAWTUCKET RED SOX,12/17/2018,1 Power Factor,Power Factor,86.000244,84.71396800000001,85.293539,85.559093,85.326522,86.814528,87.17714000000001,86.38427800000001,87.630526,87.745365,88.696333,88.53854100000001,89.147214,88.940792,88.70737,88.111462,87.638803,87.810012,86.459115,85.40645,86.390436,86.777952,86.915674,85.812556
7810699003 PAWTUCKET RED SOX,12/17/2018,2 kVAh,kVAh,154.74,160.5,158.28,154.56,157.38,176.16,166.62,168.36,170.82,159.06,168.78,170.16,171.42,176.34,171.78,171.24,167.88,178.68,168.72,169.5,174.72,177.42,171.9,162.42
7810699003 PAWTUCKET RED SOX,12/18/2018,1 kWh,kWh,137.88,141.9,143.16,135.6,145.14,153.54,152.94,147.42,153.66,156.36,160.02,46.68,165.9,165.72,166.32,164.1,165.66,169.5,160.2,158.94,158.1,159.66,152.7,154.92
7810699003 PAWTUCKET RED SOX,12/18/2018,1 Power Factor,Power Factor,86.16319,85.534137,85.42769399999999,85.900471,86.772403,87.489265,87.40608399999999,86.084804,85.938889,87.541046,87.932506,,89.337114,89.956445,89.686522,89.766936,89.724023,89.61686999999999,88.560365,88.400814,87.625214,87.30382,87.759574,87.436588
7810699003 PAWTUCKET RED SOX,12/18/2018,2 kVAh,kVAh,160.02,165.9,167.58,157.86,167.22,175.5,174.96,171.24,178.8,178.62,181.98,53.16,185.7,184.26,185.46,182.82,184.62,189.12,180.9,179.82,180.42,182.88,174.0,177.18
7810699003 PAWTUCKET RED SOX,12/19/2018,1 kWh,kWh,154.02,155.7,159.6,155.52,158.1,166.32,160.32,152.88,160.92,165.84,162.72,165.24,163.5,164.82,161.46,159.18,157.08,165.3,166.26,167.4,160.92,154.2,155.28,150.06
7810699003 PAWTUCKET RED SOX,12/19/2018,1 Power Factor,Power Factor,88.3035,87.970996,87.23948100000001,87.627635,88.589433,88.904701,88.54114799999999,87.442541,87.252854,88.333481,88.987998,88.953601,89.001573,89.381695,88.624891,88.252972,88.480096,89.01804200000001,88.512863,88.708708,87.393641,87.48375300000001,87.315957,87.446515
7810699003 PAWTUCKET RED SOX,12/19/2018,2 kVAh,kVAh,174.42,177.0,182.94,177.48,178.44,187.08,181.02,174.84,184.44,187.74,182.88,185.76,183.72,184.44,182.22,180.36,177.54,185.7,187.86,188.7,184.14,176.28,177.84,171.6
7810699003 PAWTUCKET RED SOX,12/20/2018,1 kWh,kWh,148.86,149.76,151.44,150.0,152.94,163.02,163.26,151.92,162.12,159.36,163.26,161.46,160.44,161.52,161.58,154.56,149.94,158.58,158.04,150.3,153.54,155.94,148.8,144.6
7810699003 PAWTUCKET RED SOX,12/20/2018,1 Power Factor,Power Factor,87.852562,87.979416,87.27618199999999,87.291608,88.368786,88.563971,88.278547,87.154222,86.625427,87.642472,87.491529,87.88595500000001,88.28560999999999,88.330908,87.216531,87.35740600000001,88.16274,87.748515,87.76795,87.304801,86.844104,86.810255,86.896395,86.846464
7810699003 PAWTUCKET RED SOX,12/20/2018,2 kVAh,kVAh,169.44,170.22,173.52,171.84,173.04,184.08,184.92,174.3,187.14,181.86,186.6,183.72,181.74,182.88,185.28,176.94,170.1,180.72,180.06,172.14,176.82,179.64,171.24,166.5
7810699003 PAWTUCKET RED SOX,12/21/2018,1 kWh,kWh,145.32,145.26,147.6,145.62,142.08,145.08,140.4,141.24,144.6,136.2,132.42,126.78,128.7,129.96,118.74,126.18,127.74,125.46,128.4,128.46,133.14,133.2,131.4,128.52
7810699003 PAWTUCKET RED SOX,12/21/2018,1 Power Factor,Power Factor,86.998338,86.839668,86.109735,86.583603,86.398977,86.92261500000001,87.273424,86.483425,85.891076,85.78974699999999,85.443506,84.42070799999999,84.65005500000001,84.87624100000001,84.35632,82.70372900000001,84.174711,83.896913,83.91608000000001,84.166332,83.797108,83.678365,83.625628,84.057642
7810699003 PAWTUCKET RED SOX,12/21/2018,2 kVAh,kVAh,167.04,167.28,171.42,168.18,164.46,166.92,160.86,163.32,168.36,158.76,154.98,150.18,152.04,153.12,141.06,152.58,151.74,149.52,153.0,152.64,158.88,159.18,157.14,152.88
7810699003 PAWTUCKET RED SOX,12/22/2018,1 kWh,kWh,128.82,129.6,131.64,134.16,133.08,131.04,130.14,128.88,128.04,127.14,127.44,128.16,128.82,130.56,129.0,131.58,130.38,133.74,137.1,138.84,144.06,144.72,142.14,141.6
7810699003 PAWTUCKET RED SOX,12/22/2018,1 Power Factor,Power Factor,84.42181,84.836706,84.384619,84.40411999999999,84.906655,85.177578,84.95167,84.522132,83.29344499999999,84.015196,84.530266,84.993574,85.20434,85.46771700000001,85.251664,85.332585,86.466638,86.43793000000001,86.16492,86.509338,86.42625,86.26611899999999,86.46308,86.22417
7810699003 PAWTUCKET RED SOX,12/22/2018,2 kVAh,kVAh,152.58,152.76,156.0,158.94,156.72,153.84,153.18,152.46,153.72,151.32,150.78,150.78,151.2,152.76,151.32,154.2,150.78,154.74,159.12,160.5,166.68,167.76,164.4,164.22
7810699003 PAWTUCKET RED SOX,12/23/2018,1 kWh,kWh,142.44,142.74,146.52,143.34,142.38,147.12,143.04,140.82,141.48,137.64,140.88,137.34,134.4,135.3,136.26,135.48,132.36,144.12,148.92,144.18,147.9,149.28,147.42,144.06
7810699003 PAWTUCKET RED SOX,12/23/2018,1 Power Factor,Power Factor,86.486073,86.699775,85.961038,85.905985,86.140407,86.604845,86.31613399999999,85.754855,84.940872,84.77946,85.60508,85.12623599999999,85.04253,85.287311,84.87035300000001,85.439938,86.408633,86.52225899999999,86.986049,86.40760300000001,86.519995,86.205516,86.241258,86.117269
7810699003 PAWTUCKET RED SOX,12/23/2018,2 kVAh,kVAh,164.7,164.64,170.46,166.86,165.3,169.86,165.72,164.22,166.56,162.36,164.58,161.34,158.04,158.64,160.56,158.58,153.18,166.56,171.18,166.86,170.94,173.16,170.94,167.28
7810699003 PAWTUCKET RED SOX,12/24/2018,1 kWh,kWh,144.06,146.34,147.0,145.8,142.56,154.26,153.54,152.82,154.14,139.2,139.98,136.02,136.56,137.28,139.56,137.88,137.28,145.86,155.04,143.88,156.84,158.04,144.6,140.22
7810699003 PAWTUCKET RED SOX,12/24/2018,1 Power Factor,Power Factor,86.616773,86.371709,85.901287,85.98473,86.61975100000001,87.02780899999999,87.276861,87.197711,86.5894,85.769273,86.287716,85.97110699999999,86.048498,86.353427,85.733965,85.534451,86.150764,86.505193,86.597916,86.103818,86.519472,86.60892199999999,86.694233,87.236036
7810699003 PAWTUCKET RED SOX,12/24/2018,2 kVAh,kVAh,166.32,169.44,171.12,169.56,164.58,177.24,175.92,175.26,178.02,162.3,162.24,158.22,158.7,159.0,162.78,161.22,159.36,168.6,179.04,167.1,181.26,182.46,166.8,160.74
7810699003 PAWTUCKET RED SOX,12/25/2018,1 kWh,kWh,141.06,141.18,145.44,142.68,139.92,151.02,152.52,150.9,154.92,144.84,141.54,137.88,137.1,140.22,141.84,139.26,139.44,148.44,153.06,146.76,152.28,150.18,146.46,142.44
7810699003 PAWTUCKET RED SOX,12/25/2018,1 Power Factor,Power Factor,87.462423,87.474517,86.354876,86.411571,86.885672,86.891641,87.27425799999999,86.753008,86.735051,86.060195,86.44130200000001,85.494352,85.844576,85.798357,85.010299,85.655484,86.559562,87.478076,87.576077,87.777571,86.992634,87.54910600000001,87.775504,87.82423
7810699003 PAWTUCKET RED SOX,12/25/2018,2 kVAh,kVAh,161.28,161.4,168.42,165.12,161.04,173.82,174.72,173.94,178.62,168.3,163.74,161.28,159.72,163.44,166.86,162.6,161.1,169.68,174.78,167.16,175.08,171.54,166.86,162.18
7810699003 PAWTUCKET RED SOX,12/26/2018,1 kWh,kWh,143.04,144.6,146.76,146.64,143.46,154.8,159.42,154.92,155.22,141.72,140.4,140.22,139.56,140.28,143.58,139.2,140.04,154.44,154.56,156.54,154.62,152.4,157.74,144.54
7810699003 PAWTUCKET RED SOX,12/26/2018,1 Power Factor,Power Factor,87.905412,87.67095,86.952998,87.193966,87.16745,87.993248,88.199083,87.744681,87.375168,86.333812,86.253629,85.95564300000001,86.024952,86.503136,85.836415,86.023084,86.893837,87.731156,87.622484,87.558328,86.862554,87.19743000000001,87.835006,87.153747
7810699003 PAWTUCKET RED SOX,12/26/2018,2 kVAh,kVAh,162.72,164.94,168.78,168.18,164.58,175.98,180.78,176.58,177.66,164.16,162.78,163.14,162.24,162.18,167.28,161.82,161.16,176.04,176.4,178.8,178.02,174.78,179.58,165.84
7810699003 PAWTUCKET RED SOX,12/27/2018,1 kWh,kWh,144.42,146.76,147.36,146.28,143.76,157.86,162.72,145.98,148.74,142.44,140.52,141.66,138.12,141.66,142.38,139.32,140.04,154.8,154.62,149.52,154.44,149.46,149.94,145.08
7810699003 PAWTUCKET RED SOX,12/27/2018,1 Power Factor,Power Factor,87.272824,87.23409699999999,86.32724499999999,86.484473,86.9995,87.38844399999999,87.859321,86.5244,85.878601,85.70467,85.883765,85.760501,85.422255,85.66720500000001,85.122056,85.45768199999999,86.353192,87.347216,87.783164,87.06190500000001,87.19635600000001,86.981219,86.89325699999999,87.039614
7810699003 PAWTUCKET RED SOX,12/27/2018,2 kVAh,kVAh,165.48,168.24,170.7,169.14,165.24,180.66,185.22,168.72,173.22,166.2,163.62,165.18,161.7,165.36,167.28,163.02,162.18,177.24,176.16,171.72,177.12,171.84,172.56,166.68
7810699003 PAWTUCKET RED SOX,12/28/2018,1 kWh,kWh,144.54,145.08,147.24,146.4,143.58,153.9,158.16,146.64,145.98,139.74,134.94,138.06,139.86,139.26,140.82,137.34,133.44,142.26,139.14,141.18,143.46,144.18,140.52,135.12
7810699003 PAWTUCKET RED SOX,12/28/2018,1 Power Factor,Power Factor,87.44128,87.48577900000001,86.315915,86.625365,87.08476,87.47531,87.754162,87.468597,86.183762,86.325684,86.56607199999999,86.93356999999999,86.736048,86.843632,85.585167,85.220811,86.176089,86.315368,86.337017,86.069511,85.91135799999999,85.693908,85.31396099999999,84.890142
7810699003 PAWTUCKET RED SOX,12/28/2018,2 kVAh,kVAh,165.3,165.84,170.58,169.02,164.88,175.92,180.24,167.64,169.38,161.88,155.88,158.82,161.28,160.38,164.52,161.16,154.86,164.82,161.16,164.04,166.98,168.24,164.7,159.18
7810699003 PAWTUCKET RED SOX,12/29/2018,1 kWh,kWh,135.36,137.94,135.72,136.98,135.48,133.62,132.3,130.08,131.88,131.16,129.24,126.84,128.46,130.98,132.0,132.66,129.66,136.38,137.1,137.76,143.88,145.8,143.52,141.78
7810699003 PAWTUCKET RED SOX,12/29/2018,1 Power Factor,Power Factor,85.264676,85.367272,84.309362,84.469217,84.665529,85.068174,84.961908,84.473413,83.860069,83.95020500000001,84.077584,84.299256,84.454901,84.90937,84.61626899999999,84.873636,85.95947199999999,86.619724,86.290914,86.447599,86.258054,86.482452,86.044216,86.181904
7810699003 PAWTUCKET RED SOX,12/29/2018,2 kVAh,kVAh,158.76,161.58,160.98,162.18,160.02,157.08,155.7,154.02,157.26,156.24,153.72,150.48,152.1,154.26,156.0,156.3,150.84,157.44,158.88,159.36,166.8,168.6,166.8,164.52
7810699003 PAWTUCKET RED SOX,12/30/2018,1 kWh,kWh,142.68,144.06,146.94,144.84,141.3,147.0,149.94,138.24,141.6,137.88,135.72,136.74,137.22,135.0,137.76,135.72,136.74,144.18,154.26,147.9,151.14,149.82,154.26,143.46
7810699003 PAWTUCKET RED SOX,12/30/2018,1 Power Factor,Power Factor,86.284858,86.53080899999999,85.928636,85.915131,85.979865,86.143359,86.720487,85.52851,85.04333199999999,85.202487,85.197864,85.325099,85.492762,85.878733,85.160012,86.20597099999999,86.961215,86.992457,87.24440600000001,86.32895400000001,86.474179,86.01207,86.49793000000001,86.136788
7810699003 PAWTUCKET RED SOX,12/30/2018,2 kVAh,kVAh,165.36,166.5,171.0,168.6,164.34,170.64,172.86,161.64,166.5,161.82,159.3,160.26,160.5,157.2,161.82,157.44,157.26,165.72,176.82,171.3,174.78,174.18,178.32,166.56
7810699003 PAWTUCKET RED SOX,12/31/2018,1 kWh,kWh,144.24,143.88,146.58,143.76,139.74,149.1,152.94,145.56,148.8,138.78,136.26,135.48,135.24,135.36,139.38,135.78,136.26,147.24,150.12,154.2,153.42,153.9,152.52,141.72
7810699003 PAWTUCKET RED SOX,12/31/2018,1 Power Factor,Power Factor,86.412779,86.88340699999999,86.298074,86.250362,86.935985,87.28484499999999,88.074671,87.03985300000001,86.41926099999999,85.444572,85.354316,85.46129300000001,85.73406999999999,86.505391,85.821967,85.905062,86.655446,87.01501400000001,87.092021,87.214675,87.085459,86.540433,87.382216,86.267719
7810699003 PAWTUCKET RED SOX,12/31/2018,2 kVAh,kVAh,166.92,165.6,169.86,166.68,160.74,170.82,173.64,167.22,172.2,162.42,159.66,158.52,157.74,156.48,162.42,158.1,157.26,169.2,172.38,176.82,176.16,177.84,174.54,164.28
7810699003 PAWTUCKET RED SOX,1/1/2019,1 kWh,kWh,139.38,144.18,143.1,142.86,142.44,145.32,142.56,137.16,135.06,128.82,125.16,124.98,128.04,128.16,128.76,130.62,131.16,140.4,138.84,137.16,143.28,141.0,139.62,137.7
7810699003 PAWTUCKET RED SOX,1/1/2019,1 Power Factor,Power Factor,86.581811,86.435327,85.915421,86.018338,86.076762,85.593868,85.466695,84.488877,83.28312199999999,83.287899,83.91001899999999,84.043498,83.671353,84.27124599999999,83.935666,84.687015,86.618955,87.070274,86.825941,86.42805,86.46072099999999,86.461427,86.5066,86.380083
7810699003 PAWTUCKET RED SOX,1/1/2019,2 kVAh,kVAh,160.98,166.8,166.56,166.08,165.48,169.8,166.8,162.36,162.18,154.68,149.16,148.74,153.06,152.1,153.42,154.26,151.44,161.22,159.9,158.7,165.72,163.08,161.4,159.42
7810699003 PAWTUCKET RED SOX,1/2/2019,1 kWh,kWh,138.6,138.96,142.56,141.48,139.44,149.34,154.68,139.02,147.72,150.18,149.52,150.3,149.16,152.28,153.12,148.86,148.14,158.04,154.08,148.14,150.84,154.98,153.24,140.34
7810699003 PAWTUCKET RED SOX,1/2/2019,1 Power Factor,Power Factor,86.288461,86.777726,86.683204,87.048526,87.139649,87.722569,88.471492,87.240868,87.246941,88.122698,88.758777,88.936215,89.269627,89.78753499999999,89.297871,89.31700699999999,88.959005,88.788014,88.351812,87.58002900000001,87.195263,88.043002,87.979124,87.309134
7810699003 PAWTUCKET RED SOX,1/2/2019,2 kVAh,kVAh,160.62,160.14,164.46,162.54,160.02,170.22,174.84,159.36,169.32,170.46,168.48,169.02,167.1,169.62,171.48,166.68,166.56,178.02,174.42,169.14,172.98,176.04,174.18,160.74
7810699003 PAWTUCKET RED SOX,1/3/2019,1 kWh,kWh,139.5,141.06,144.36,141.24,140.16,151.5,154.14,144.06,157.56,153.42,149.16,153.48,151.56,155.22,155.16,149.22,147.36,157.14,145.92,143.76,149.88,149.58,143.4,139.98
7810699003 PAWTUCKET RED SOX,1/3/2019,1 Power Factor,Power Factor,87.83531500000001,87.924988,86.921561,87.057343,87.55671099999999,87.740612,88.341394,86.820575,87.317035,87.60874100000001,87.784296,87.69841,88.050436,88.860798,87.992737,87.757459,87.810255,88.034369,87.001192,86.378202,86.19646,86.240748,86.724351,87.476217
7810699003 PAWTUCKET RED SOX,1/3/2019,2 kVAh,kVAh,158.82,160.44,166.08,162.24,160.08,172.68,174.48,165.96,180.42,175.14,169.92,175.02,172.14,174.72,176.34,170.04,167.82,178.5,167.76,166.44,173.88,173.46,165.36,160.02
7810699003 PAWTUCKET RED SOX,1/4/2019,1 kWh,kWh,140.28,140.28,143.4,141.72,139.86,148.08,151.32,136.92,143.88,149.52,148.86,151.08,152.64,150.72,150.18,148.68,143.04,147.36,149.7,142.32,147.06,146.64,141.72,136.74
7810699003 PAWTUCKET RED SOX,1/4/2019,1 Power Factor,Power Factor,87.663844,87.99842199999999,87.09849,86.93521199999999,87.566365,88.2298,88.433471,86.80475200000001,86.545125,86.977399,87.242193,87.911755,87.726731,88.553789,87.393156,86.828345,87.435644,87.12321899999999,86.99592700000001,86.309347,85.98439499999999,85.939133,86.587063,86.688325
7810699003 PAWTUCKET RED SOX,1/4/2019,2 kVAh,kVAh,160.02,159.42,164.64,163.02,159.72,167.82,171.12,157.74,166.26,171.9,170.64,171.9,174.0,170.22,171.84,171.24,163.62,169.14,172.08,165.0,171.06,170.64,163.68,157.74
7810699003 PAWTUCKET RED SOX,1/5/2019,1 kWh,kWh,136.62,137.58,139.74,136.98,134.82,147.36,142.86,133.56,137.28,130.32,126.72,127.02,130.32,127.86,132.3,130.44,131.76,139.02,144.66,137.64,147.54,147.84,146.7,136.86
7810699003 PAWTUCKET RED SOX,1/5/2019,1 Power Factor,Power Factor,87.441096,87.458127,86.904811,86.973287,87.26308900000001,87.928366,87.55433000000001,86.521989,85.345578,85.54875600000001,85.82632199999999,85.230498,85.304731,85.7688,84.806974,85.11442199999999,86.196656,87.115308,87.027886,86.435565,86.360665,87.056887,87.09695,86.432743
7810699003 PAWTUCKET RED SOX,1/5/2019,2 kVAh,kVAh,156.24,157.32,160.8,157.5,154.5,167.58,163.14,154.38,160.86,152.34,147.66,149.04,152.76,149.1,156.0,153.24,152.88,159.54,166.2,159.24,170.82,169.8,168.42,158.34
7810699003 PAWTUCKET RED SOX,1/6/2019,1 kWh,kWh,137.7,138.0,140.82,138.48,138.48,151.98,146.64,140.58,146.94,137.82,135.36,130.38,130.14,130.38,133.38,133.08,132.36,144.3,148.8,146.4,149.7,150.24,144.72,139.68
7810699003 PAWTUCKET RED SOX,1/6/2019,1 Power Factor,Power Factor,86.40725400000001,86.602235,85.626504,85.96149799999999,86.474238,86.79846500000001,86.60268,85.486104,85.387562,85.674989,85.114418,84.885756,85.25854,85.280507,85.276289,85.281832,86.108088,86.875429,86.990439,86.38040500000001,85.776204,85.964129,85.896167,86.413981
7810699003 PAWTUCKET RED SOX,1/6/2019,2 kVAh,kVAh,159.36,159.36,164.46,161.1,160.14,175.08,169.26,164.46,172.08,160.86,159.06,153.6,152.64,152.94,156.42,156.06,153.72,166.08,171.06,169.44,174.54,174.78,168.48,161.64
7810699003 PAWTUCKET RED SOX,1/7/2019,1 kWh,kWh,142.14,140.88,144.66,144.18,151.68,161.4,160.8,156.72,168.36,163.32,167.7,162.54,164.16,167.04,168.84,164.7,163.86,172.56,166.02,163.98,168.72,166.02,151.62,145.74
7810699003 PAWTUCKET RED SOX,1/7/2019,1 Power Factor,Power Factor,86.77542199999999,87.08963100000001,86.852634,87.034775,88.01724899999999,88.393354,88.335652,88.45581800000001,87.737951,88.432695,89.384451,89.646618,89.50112800000001,89.587356,89.083476,88.902793,89.117698,88.84764799999999,88.030408,87.721013,87.657239,87.473896,87.615946,87.437048
7810699003 PAWTUCKET RED SOX,1/7/2019,2 kVAh,kVAh,163.8,161.76,166.56,165.66,172.32,182.64,182.04,177.18,191.88,184.68,187.62,181.32,183.42,186.54,189.54,185.28,183.84,194.22,188.58,186.96,192.48,189.78,173.04,166.68
7810699003 PAWTUCKET RED SOX,1/8/2019,1 kWh,kWh,146.64,147.3,149.1,149.58,150.3,162.6,161.28,153.12,163.26,156.24,162.48,158.52,160.92,160.98,168.6,164.04,160.62,155.16,152.22,157.02,155.22,161.22,156.78,142.14
7810699003 PAWTUCKET RED SOX,1/8/2019,1 Power Factor,Power Factor,87.567149,87.494114,86.82704100000001,86.956295,87.460862,88.124636,87.99306,88.094994,88.11375699999999,88.210397,88.26897199999999,88.497969,88.351969,89.048514,89.009111,89.459877,89.215912,87.847171,87.577943,88.08107,87.196373,87.514134,88.397745,87.677236
7810699003 PAWTUCKET RED SOX,1/8/2019,2 kVAh,kVAh,167.46,168.36,171.72,172.02,171.84,184.56,183.3,173.82,185.28,177.12,184.08,179.16,182.16,180.78,189.42,183.36,180.06,176.64,173.82,178.26,178.02,184.26,177.36,162.12
7810699003 PAWTUCKET RED SOX,1/9/2019,1 kWh,kWh,140.94,141.84,145.14,143.4,143.22,157.68,154.14,156.54,160.38,153.96,155.16,150.72,151.62,150.0,154.14,147.36,148.38,150.78,143.7,141.24,153.84,152.82,147.12,136.08
7810699003 PAWTUCKET RED SOX,1/9/2019,1 Power Factor,Power Factor,88.041718,87.9447,87.487018,87.61025500000001,87.947317,88.76643100000001,88.08813599999999,88.257554,87.955318,87.970704,88.352355,88.735038,89.20325,89.622946,88.588594,87.753703,87.907078,88.555717,87.244506,87.18134,87.067198,87.0325,86.920529,86.29797099999999
7810699003 PAWTUCKET RED SOX,1/9/2019,2 kVAh,kVAh,160.08,161.28,165.9,163.68,162.84,177.66,174.96,177.36,182.34,175.02,175.62,169.86,169.98,167.4,174.0,167.94,168.78,170.28,164.7,162.0,176.7,175.62,169.26,157.68
7810699003 PAWTUCKET RED SOX,1/10/2019,1 kWh,kWh,135.96,137.76,140.58,139.56,141.84,152.04,148.92,140.88,151.86,148.74,152.7,155.46,161.1,157.68,160.44,154.92,148.38,146.58,145.56,155.34,159.18,161.4,152.4,141.18
7810699003 PAWTUCKET RED SOX,1/10/2019,1 Power Factor,Power Factor,86.353897,87.13716,86.07801500000001,86.402684,87.42426400000001,87.748212,87.633776,85.818724,86.43009599999999,87.7276,88.017234,88.584903,87.715299,88.369762,87.998795,88.08856800000001,88.241895,87.756887,86.69443100000001,87.77154,87.51377,87.364074,87.86052,87.440368
7810699003 PAWTUCKET RED SOX,1/10/2019,2 kVAh,kVAh,157.44,158.1,163.32,161.52,162.24,173.34,169.92,164.16,175.68,169.56,173.52,175.5,183.66,178.44,182.34,175.92,168.18,167.04,167.94,177.0,181.92,184.74,173.46,161.46
7810699003 PAWTUCKET RED SOX,1/11/2019,1 kWh,kWh,141.84,144.84,144.96,148.26,156.0,161.28,162.9,156.42,161.88,158.82,163.74,164.16,164.1,163.44,166.2,161.94,166.98,164.58,161.46,163.68,169.14,170.82,160.14,148.32
7810699003 PAWTUCKET RED SOX,1/11/2019,1 Power Factor,Power Factor,87.909305,88.231567,86.907432,87.64584,88.434671,88.7885,88.428957,88.150036,87.853603,87.334907,88.454645,88.575574,88.40045699999999,88.758093,87.708484,88.290221,89.115713,88.767268,88.34524,88.432897,87.897458,88.394388,88.847957,88.19160699999999
7810699003 PAWTUCKET RED SOX,1/11/2019,2 kVAh,kVAh,161.34,164.16,166.8,169.14,176.4,181.68,184.2,177.48,184.26,181.86,185.1,185.34,185.64,184.14,189.48,183.42,187.38,185.4,182.76,185.1,192.42,193.26,180.24,168.18
7810699003 PAWTUCKET RED SOX,1/12/2019,1 kWh,kWh,147.66,148.32,151.08,153.12,160.38,172.74,166.5,166.32,165.0,156.66,155.4,153.42,153.78,151.68,154.44,160.08,159.66,166.2,167.1,167.76,172.38,173.52,162.36,149.46
7810699003 PAWTUCKET RED SOX,1/12/2019,1 Power Factor,Power Factor,88.61902099999999,88.571541,88.010774,88.274997,88.951115,88.289009,88.24955899999999,87.831807,87.275613,86.11088199999999,85.956064,86.199737,86.330275,86.41519,85.941664,86.163122,88.261257,88.048053,87.747064,87.542165,87.751564,87.372771,88.287633,88.17779499999999
7810699003 PAWTUCKET RED SOX,1/12/2019,2 kVAh,kVAh,166.62,167.46,171.66,173.46,180.3,195.66,188.7,189.36,189.06,181.92,180.78,178.02,178.14,175.56,179.7,185.76,180.9,188.76,190.44,191.64,196.44,198.6,183.9,169.5
7810699003 PAWTUCKET RED SOX,1/13/2019,1 kWh,kWh,151.68,151.02,152.82,159.96,165.06,176.82,173.16,167.7,168.66,156.0,154.56,153.0,155.88,154.74,156.54,158.64,165.9,167.7,165.42,166.74,174.36,171.66,160.74,149.58
7810699003 PAWTUCKET RED SOX,1/13/2019,1 Power Factor,Power Factor,87.87581999999999,87.948474,87.617762,87.555329,87.952421,87.294112,87.426315,86.810929,86.784486,85.97873299999999,85.945366,85.654485,85.913226,86.196399,85.743444,86.20631999999999,87.837078,87.576312,87.609617,87.636228,87.270402,87.12281800000001,88.095782,87.350481
7810699003 PAWTUCKET RED SOX,1/13/2019,2 kVAh,kVAh,172.62,171.72,174.42,182.7,187.68,202.56,198.06,193.2,194.34,181.44,179.82,178.62,181.44,179.52,182.58,184.02,188.88,191.52,188.82,190.26,199.8,197.04,182.46,171.24
7810699003 PAWTUCKET RED SOX,1/14/2019,1 kWh,kWh,150.66,151.26,151.56,157.02,160.92,169.74,164.64,163.56,170.1,166.2,171.0,168.42,168.48,171.18,171.96,164.82,172.62,168.48,165.06,164.88,170.16,171.54,162.9,147.78
7810699003 PAWTUCKET RED SOX,1/14/2019,1 Power Factor,Power Factor,87.245028,87.383348,87.14014300000001,87.412474,88.436802,88.247917,87.926838,87.880696,88.283271,88.529126,88.61918,88.886471,88.471948,88.968529,88.567436,87.84985400000001,88.71368299999999,88.361673,87.63929399999999,87.61449499999999,87.775685,87.61808,88.369647,87.6518
7810699003 PAWTUCKET RED SOX,1/14/2019,2 kVAh,kVAh,172.68,173.1,173.94,179.64,181.98,192.36,187.26,186.12,192.66,187.74,192.96,189.48,190.44,192.42,194.16,187.62,194.58,190.68,188.34,188.22,193.86,195.78,184.32,168.6
7810699003 PAWTUCKET RED SOX,1/15/2019,1 kWh,kWh,148.08,148.68,150.6,153.72,155.64,168.78,163.92,160.98,168.42,167.16,168.18,167.7,174.24,170.76,170.52,166.02,173.04,164.76,161.16,163.86,166.86,164.28,161.58,145.8
7810699003 PAWTUCKET RED SOX,1/15/2019,1 Power Factor,Power Factor,87.986581,88.217139,87.42654499999999,87.37755,88.221159,88.485664,88.731526,88.286914,87.87911899999999,88.248929,88.64156700000001,88.727265,88.454311,89.22513000000001,88.315015,88.398443,89.124276,88.466734,87.609254,87.896804,87.399312,87.64789499999999,88.268603,87.411136
7810699003 PAWTUCKET RED SOX,1/15/2019,2 kVAh,kVAh,168.3,168.54,172.26,175.92,176.4,190.74,184.74,182.34,191.64,189.42,189.72,189.0,196.98,191.4,193.08,187.8,194.16,186.24,183.96,186.42,190.92,187.44,183.06,166.8
7810699003 PAWTUCKET RED SOX,1/16/2019,1 kWh,kWh,145.14,145.5,148.98,148.14,157.62,166.08,161.94,160.38,167.1,165.18,167.7,166.38,170.94,171.3,174.6,165.54,173.28,177.48,180.06,174.96,172.38,171.6,161.28,151.56
7810699003 PAWTUCKET RED SOX,1/16/2019,1 Power Factor,Power Factor,88.027796,88.18645500000001,87.09158199999999,87.582676,88.39089200000001,87.81488,88.69390200000001,88.045404,87.961401,88.01207099999999,89.240228,89.915065,89.742102,90.289806,89.76124300000001,89.590132,91.127701,91.633057,91.524126,90.43253,88.458917,88.926001,89.124078,88.38372700000001
7810699003 PAWTUCKET RED SOX,1/16/2019,2 kVAh,kVAh,164.88,165.0,171.06,169.14,178.32,189.12,182.58,182.16,189.96,187.68,187.92,185.04,190.5,189.72,194.52,184.8,190.14,193.68,196.74,193.38,194.88,192.96,180.96,171.48
7810699003 PAWTUCKET RED SOX,1/17/2019,1 kWh,kWh,152.28,153.96,154.68,154.26,163.26,169.98,166.86,162.54,171.72,170.04,174.3,175.8,173.88,175.14,174.06,170.28,175.26,169.26,164.88,164.58,168.06,170.1,160.02,148.68
7810699003 PAWTUCKET RED SOX,1/17/2019,1 Power Factor,Power Factor,88.249999,88.760304,88.107612,88.017039,88.402331,88.584503,89.16286600000001,88.41825,88.162768,88.673602,89.74567900000001,89.427943,89.667847,90.341886,89.647354,89.728246,89.711399,89.28155,88.99463,88.03358,88.280027,87.80739100000001,88.57426099999999,87.407325
7810699003 PAWTUCKET RED SOX,1/17/2019,2 kVAh,kVAh,172.56,173.46,175.56,175.26,184.68,191.88,187.14,183.84,194.76,191.76,194.22,196.62,193.92,193.86,194.16,189.78,195.36,189.6,185.28,186.96,190.38,193.74,180.66,170.1
7810699003 PAWTUCKET RED SOX,1/18/2019,1 kWh,kWh,148.02,150.06,151.98,151.38,160.14,166.26,159.84,157.26,164.34,161.58,166.08,175.68,177.48,177.72,172.2,172.98,177.06,165.42,165.0,162.0,160.32,170.28,160.32,146.76
7810699003 PAWTUCKET RED SOX,1/18/2019,1 Power Factor,Power Factor,88.360069,87.913965,87.501863,87.270808,88.237787,88.251003,88.7126,88.66896899999999,88.38127800000001,88.877246,90.195066,90.121875,90.047531,90.141591,89.74552,89.619015,89.956058,89.186549,88.59183399999999,88.499562,87.893739,88.06644399999999,88.41673399999999,88.084568
7810699003 PAWTUCKET RED SOX,1/18/2019,2 kVAh,kVAh,167.52,170.7,173.7,173.46,181.5,188.4,180.18,177.36,185.94,181.8,184.14,194.94,197.1,197.16,191.88,193.02,196.8,185.46,186.24,183.06,182.4,193.38,181.32,166.62
7810699003 PAWTUCKET RED SOX,1/19/2019,1 kWh,kWh,146.94,148.92,150.3,150.96,155.22,165.72,164.82,158.16,157.2,144.3,140.46,138.24,140.1,139.5,141.96,141.48,146.52,154.56,155.64,156.9,159.48,163.14,148.68,140.82
7810699003 PAWTUCKET RED SOX,1/19/2019,1 Power Factor,Power Factor,88.480485,88.808172,88.20283,88.468818,88.646796,88.838263,89.075622,88.491961,87.85459,86.754775,86.957757,86.810276,86.802573,87.508347,86.801107,86.66396999999999,88.141628,88.279302,88.177598,87.995701,87.899664,87.944812,87.966927,87.344829
7810699003 PAWTUCKET RED SOX,1/19/2019,2 kVAh,kVAh,166.08,167.7,170.4,170.64,175.08,186.54,185.04,178.74,178.92,166.32,161.52,159.24,161.4,159.42,163.56,163.26,166.2,175.08,176.52,178.32,181.44,185.52,169.02,161.22
7810699003 PAWTUCKET RED SOX,1/20/2019,1 kWh,kWh,143.88,144.66,147.42,146.1,153.72,164.28,159.78,154.68,150.72,145.2,146.34,144.3,142.02,141.3,147.06,150.24,155.58,162.06,160.74,161.94,166.92,170.04,161.34,148.86
7810699003 PAWTUCKET RED SOX,1/20/2019,1 Power Factor,Power Factor,87.518236,87.358364,86.89211,87.217146,88.250662,88.01311700000001,87.909649,87.711285,86.701006,86.636934,87.233398,86.912631,87.141266,87.226517,86.69818199999999,86.463734,87.632258,88.146315,87.777001,88.40383299999999,88.207329,88.064942,88.92555,88.574854
7810699003 PAWTUCKET RED SOX,1/20/2019,2 kVAh,kVAh,164.4,165.6,169.68,167.52,174.18,186.66,181.74,176.34,173.82,167.58,167.76,166.02,162.96,162.0,169.62,173.76,177.54,183.84,183.12,183.18,189.24,193.08,181.44,168.06
7810699003 PAWTUCKET RED SOX,1/21/2019,1 kWh,kWh,149.76,151.26,154.2,160.68,163.74,173.88,175.02,163.44,170.22,162.9,166.56,166.56,170.82,172.08,171.42,174.24,174.18,175.2,178.44,193.02,191.88,191.94,172.74,162.3
7810699003 PAWTUCKET RED SOX,1/21/2019,1 Power Factor,Power Factor,88.416379,88.7091,87.868714,88.466268,89.41633399999999,89.16179699999999,89.56378000000001,89.106488,89.599924,89.626372,89.700096,90.363524,90.03707299999999,90.383356,90.154749,90.579623,90.522992,90.374321,89.77324200000001,90.16641700000001,90.211765,90.417446,90.309719,89.843799
7810699003 PAWTUCKET RED SOX,1/21/2019,2 kVAh,kVAh,169.38,170.52,175.5,181.62,183.12,195.0,195.42,183.42,189.96,181.74,185.7,184.32,189.72,190.38,190.14,192.36,192.42,193.86,198.78,214.08,212.7,212.28,191.28,180.66
7810699003 PAWTUCKET RED SOX,1/22/2019,1 kWh,kWh,169.02,178.44,177.12,178.68,176.16,184.86,186.78,182.4,189.78,202.44,210.42,208.26,213.06,210.36,213.24,205.44,196.44,190.5,181.56,183.96,184.44,183.6,170.4,166.26
7810699003 PAWTUCKET RED SOX,1/22/2019,1 Power Factor,Power Factor,90.147026,90.417459,89.914245,89.833362,90.16879200000001,91.312857,91.77144399999999,91.705914,91.758834,92.18379399999999,93.023113,92.879956,92.475142,92.728489,92.048224,91.723911,91.88766700000001,91.30810699999999,90.00509699999999,90.046195,89.749321,89.681861,89.504006,89.908528
7810699003 PAWTUCKET RED SOX,1/22/2019,2 kVAh,kVAh,187.5,197.34,196.98,198.9,195.36,202.38,203.52,198.9,206.82,219.6,226.2,224.22,230.4,226.86,231.66,223.98,213.78,208.62,201.72,204.3,205.5,204.72,190.38,184.92
7810699003 PAWTUCKET RED SOX,1/23/2019,1 kWh,kWh,167.16,171.84,174.66,173.52,175.62,181.5,178.92,174.84,184.38,194.4,197.76,198.0,197.76,197.94,196.62,189.42,178.44,176.28,173.82,169.02,171.6,170.04,156.6,146.46
7810699003 PAWTUCKET RED SOX,1/23/2019,1 Power Factor,Power Factor,90.131862,89.708535,89.32455999999999,89.037293,89.045982,89.982198,90.009033,89.77377299999999,89.954483,90.575445,90.400308,90.83453,90.724336,90.24310600000001,89.461024,89.587477,89.44339599999999,89.08640600000001,88.321216,87.840242,87.622264,87.662024,88.392786,87.774589
7810699003 PAWTUCKET RED SOX,1/23/2019,2 kVAh,kVAh,185.46,191.58,195.54,194.88,197.22,201.66,198.78,194.76,204.96,214.62,218.76,217.98,217.98,219.36,219.78,211.44,199.5,197.88,196.8,192.42,195.84,193.98,177.18,166.86
7810699003 PAWTUCKET RED SOX,1/24/2019,1 kWh,kWh,151.08,156.24,159.0,159.54,158.46,158.22,156.54,151.68,155.4,158.82,160.5,162.42,165.18,165.72,169.2,162.24,154.68,146.76,146.16,144.6,147.6,148.92,138.78,132.42
7810699003 PAWTUCKET RED SOX,1/24/2019,1 Power Factor,Power Factor,88.531823,88.821411,88.101329,87.931513,88.126772,88.10911899999999,88.261447,88.031408,87.266649,88.373574,89.585374,89.878602,89.18395799999999,89.864599,89.379847,88.86089,89.579262,88.036002,87.75511,87.378899,86.801675,87.084055,86.61341999999999,85.975688
7810699003 PAWTUCKET RED SOX,1/24/2019,2 kVAh,kVAh,170.64,175.92,180.48,181.44,179.82,179.58,177.36,172.32,178.08,179.7,179.16,180.72,185.22,184.44,189.3,182.58,172.68,166.68,166.56,165.48,170.04,171.0,160.2,154.02
7810699003 PAWTUCKET RED SOX,1/25/2019,1 kWh,kWh,133.5,135.9,136.5,136.68,148.14,149.94,147.78,147.06,150.3,142.56,149.1,154.44,158.04,159.0,159.42,152.7,159.48,156.06,153.9,146.34,154.02,152.22,149.82,136.92
7810699003 PAWTUCKET RED SOX,1/25/2019,1 Power Factor,Power Factor,86.474789,86.815263,86.467904,86.649641,87.39911500000001,87.446692,87.65692299999999,87.15176,86.917999,87.76424300000001,88.20496,88.013547,87.796511,88.662097,88.27808399999999,88.371811,89.249031,89.203898,88.72464000000001,87.783512,87.985422,88.273981,88.103183,87.23075
7810699003 PAWTUCKET RED SOX,1/25/2019,2 kVAh,kVAh,154.38,156.54,157.86,157.74,169.5,171.48,168.6,168.78,172.92,162.42,169.02,175.5,180.0,179.34,180.6,172.8,178.68,174.96,173.46,166.74,175.02,172.44,170.04,156.96
7810699003 PAWTUCKET RED SOX,1/26/2019,1 kWh,kWh,138.42,139.86,139.86,140.52,149.1,157.92,157.2,149.46,153.96,143.82,147.78,152.46,154.5,154.14,149.94,142.44,151.8,159.12,158.76,155.82,152.34,160.2,153.84,142.2
7810699003 PAWTUCKET RED SOX,1/26/2019,1 Power Factor,Power Factor,87.756516,88.529774,88.360523,88.511176,88.870316,88.53359499999999,88.782703,88.23995,88.023064,87.480824,87.836416,88.13287700000001,88.15913,88.404292,87.313874,87.34292099999999,88.428296,89.117307,88.944939,89.05774,88.490888,88.87983299999999,88.965796,88.46651700000001
7810699003 PAWTUCKET RED SOX,1/26/2019,2 kVAh,kVAh,157.74,157.98,158.28,158.76,167.76,178.38,177.06,169.38,174.9,164.4,168.24,172.98,175.26,174.36,171.72,163.08,171.66,178.56,178.5,174.96,172.14,180.24,172.92,160.74
7810699003 PAWTUCKET RED SOX,1/27/2019,1 kWh,kWh,143.1,143.52,144.0,144.12,153.48,163.38,162.6,156.0,154.5,143.64,143.52,143.4,142.8,144.18,148.32,146.34,144.36,146.22,147.48,158.82,161.88,158.46,153.06,140.34
7810699003 PAWTUCKET RED SOX,1/27/2019,1 Power Factor,Power Factor,88.82768,88.99073299999999,88.272758,88.502352,88.73804200000001,88.436954,88.473832,88.19309,87.522826,86.768692,86.36036899999999,86.790056,86.676564,87.254035,86.158876,87.027063,87.304227,86.946977,86.790044,88.052396,88.11074,88.063167,87.933308,87.473824
7810699003 PAWTUCKET RED SOX,1/27/2019,2 kVAh,kVAh,161.1,161.28,163.14,162.84,172.92,184.74,183.78,176.88,176.52,165.54,166.2,165.24,164.76,165.24,172.14,168.18,165.36,168.18,169.92,180.36,183.72,179.94,174.06,160.44
7810699003 PAWTUCKET RED SOX,1/28/2019,1 kWh,kWh,140.46,141.3,143.64,139.5,147.78,160.2,156.48,150.24,148.14,155.04,157.8,159.24,161.16,159.48,157.86,155.1,166.8,164.28,160.98,163.86,164.58,158.34,158.64,145.92
7810699003 PAWTUCKET RED SOX,1/28/2019,1 Power Factor,Power Factor,87.155563,87.523853,86.958352,87.538965,87.301497,87.74882,88.285708,88.261767,87.62035300000001,88.79175500000001,88.879663,88.145341,88.327414,88.478809,88.948402,88.413013,88.984078,88.574658,88.431593,88.33386,87.719111,87.264782,88.046499,87.35566999999999
7810699003 PAWTUCKET RED SOX,1/28/2019,2 kVAh,kVAh,161.16,161.46,165.18,159.36,169.26,182.58,177.24,170.22,169.08,174.6,177.54,180.66,182.46,180.24,177.48,175.44,187.44,185.46,182.04,185.52,187.62,181.44,180.18,167.04
7810699003 PAWTUCKET RED SOX,1/29/2019,1 kWh,kWh,146.28,147.48,149.52,148.02,157.2,169.26,165.06,160.8,163.62,159.3,163.98,166.26,171.06,170.46,170.22,169.08,172.56,164.88,162.0,162.12,159.36,164.34,157.86,145.5
7810699003 PAWTUCKET RED SOX,1/29/2019,1 Power Factor,Power Factor,87.824326,88.040104,87.346677,87.48388299999999,88.358825,88.109713,88.344988,87.968168,87.657855,87.359617,88.166857,88.39545,88.407498,88.949851,89.196639,88.69844,89.61591899999999,88.928945,88.645771,88.499095,88.006045,88.186471,88.555837,88.019083
7810699003 PAWTUCKET RED SOX,1/29/2019,2 kVAh,kVAh,166.56,167.52,171.18,169.2,177.9,192.12,186.84,182.82,186.66,182.34,186.0,188.1,193.5,191.64,190.86,190.62,192.54,185.4,182.76,183.18,181.08,186.36,178.26,165.3
7810699003 PAWTUCKET RED SOX,1/30/2019,1 kWh,kWh,145.56,147.18,150.6,147.12,151.5,163.38,161.76,154.2,157.32,155.7,163.98,171.24,170.22,179.1,172.26,167.16,174.12,167.52,162.6,162.36,170.1,174.9,164.94,153.84
7810699003 PAWTUCKET RED SOX,1/30/2019,1 Power Factor,Power Factor,88.604051,88.65486800000001,87.670404,87.921009,88.277573,88.674464,88.535613,87.88090799999999,87.657446,87.61755600000001,88.85093499999999,89.053076,89.438797,90.029549,88.74689599999999,88.705157,89.178484,89.37111800000001,88.85055600000001,88.922269,88.41154399999999,88.63508900000001,89.485175,89.027501
7810699003 PAWTUCKET RED SOX,1/30/2019,2 kVAh,kVAh,164.28,166.02,171.78,167.34,171.6,184.26,182.7,175.44,179.46,177.66,184.56,192.3,190.32,198.9,194.1,188.46,195.24,187.44,183.0,182.58,192.36,197.34,184.32,172.8
7810699003 PAWTUCKET RED SOX,1/31/2019,1 kWh,kWh,154.98,156.42,156.6,158.4,160.86,173.58,182.16,170.1,183.0,188.52,195.0,202.02,197.16,191.76,201.54,210.96,207.6,203.34,194.04,191.46,194.52,190.98,174.6,162.12
7810699003 PAWTUCKET RED SOX,1/31/2019,1 Power Factor,Power Factor,89.498028,89.98955500000001,89.505178,89.550016,89.017566,89.52800400000001,90.912166,90.36523100000001,90.395388,91.586712,92.03814,92.171254,91.168269,90.772564,91.171137,91.441502,91.776992,91.14224200000001,90.584983,90.118688,89.487205,90.164937,90.261375,89.796835
7810699003 PAWTUCKET RED SOX,1/31/2019,2 kVAh,kVAh,173.16,173.82,174.96,176.88,180.72,193.86,200.34,188.22,202.44,205.86,211.86,219.18,216.24,211.26,221.04,230.7,226.2,223.08,214.2,212.46,217.38,211.8,193.44,180.54
7810699003 PAWTUCKET RED SOX,2/1/2019,1 kWh,kWh,162.66,167.64,173.58,183.54,182.94,189.0,181.5,182.52,191.64,195.24,194.1,199.98,203.04,207.06,199.68,206.52,199.86,190.02,184.62,183.42,186.6,183.96,171.84,160.14
7810699003 PAWTUCKET RED SOX,2/1/2019,1 Power Factor,Power Factor,89.951257,89.87877900000001,89.076357,89.495814,89.487463,90.44169000000001,90.978022,91.194935,91.12456,91.296903,91.61471999999999,91.465452,91.435288,91.566873,91.554351,91.490679,91.30238299999999,90.251108,89.111136,89.516906,89.417834,89.593388,89.44704200000001,88.906992
7810699003 PAWTUCKET RED SOX,2/1/2019,2 kVAh,kVAh,180.84,186.54,194.88,205.08,204.42,208.92,199.5,200.16,210.3,213.84,211.86,218.64,222.06,226.14,218.1,225.72,218.88,210.54,207.18,204.9,208.68,205.32,192.12,180.12
7810699003 PAWTUCKET RED SOX,2/2/2019,1 kWh,kWh,159.54,164.7,168.54,180.66,178.14,186.12,179.88,182.22,185.16,170.52,170.22,171.12,168.9,175.08,172.68,177.66,177.0,176.88,175.98,177.6,178.5,175.98,165.9,153.72
7810699003 PAWTUCKET RED SOX,2/2/2019,1 Power Factor,Power Factor,89.19776,88.931599,88.299545,88.94967700000001,88.916725,89.78893000000001,89.70471500000001,89.85752,89.015877,88.424734,88.56508000000001,88.51390400000001,88.047753,88.372378,87.97933499999999,87.880586,88.71992900000001,88.42004,88.18352900000001,88.439002,88.117152,87.81581899999999,88.311638,87.593029
7810699003 PAWTUCKET RED SOX,2/2/2019,2 kVAh,kVAh,178.86,185.22,190.86,203.1,200.34,207.24,200.52,202.8,208.02,192.84,192.18,193.32,191.82,198.12,196.26,202.14,199.5,200.04,199.56,200.82,202.56,200.4,187.86,175.5
7810699003 PAWTUCKET RED SOX,2/3/2019,1 kWh,kWh,151.5,154.56,157.5,169.44,174.3,172.8,169.62,166.92,166.8,151.92,149.52,149.22,151.44,154.68,155.34,150.78,161.82,165.48,162.72,164.4,172.92,166.68,161.76,148.2
7810699003 PAWTUCKET RED SOX,2/3/2019,1 Power Factor,Power Factor,88.407839,88.40077,87.307014,87.24255600000001,87.393539,87.96968100000001,87.440782,87.426651,87.228831,86.53220300000001,86.229567,86.364038,86.03101600000001,86.663216,85.754468,85.879439,87.224141,87.661891,87.441108,87.23375,87.417815,87.251086,87.448674,86.729151
7810699003 PAWTUCKET RED SOX,2/3/2019,2 kVAh,kVAh,171.36,174.84,180.42,194.22,199.44,196.44,193.98,190.92,191.22,175.56,173.4,172.8,176.04,178.5,181.14,175.56,185.52,188.76,186.06,188.46,197.82,191.04,184.98,170.88
7810699003 PAWTUCKET RED SOX,2/4/2019,1 kWh,kWh,150.66,151.26,152.52,149.4,166.56,166.5,163.92,159.48,170.34,167.88,163.14,165.72,162.12,161.76,166.98,173.58,163.56,155.28,151.56,162.84,160.08,162.06,152.1,141.24
7810699003 PAWTUCKET RED SOX,2/4/2019,1 Power Factor,Power Factor,86.949126,87.508607,86.609972,86.60762700000001,86.917816,87.38190300000001,87.708689,87.719995,88.025602,89.024125,89.62561,89.706863,90.017454,90.934197,89.808154,90.73311,89.703092,88.413797,87.770216,88.409515,87.907894,87.75712,87.623564,86.670917
7810699003 PAWTUCKET RED SOX,2/4/2019,2 kVAh,kVAh,173.28,172.86,176.1,172.5,191.64,190.56,186.9,181.8,193.5,188.58,182.04,184.74,180.12,177.9,185.94,191.28,182.34,175.62,172.68,184.2,182.1,184.68,173.58,162.96
7810699003 PAWTUCKET RED SOX,2/5/2019,1 kWh,kWh,142.74,145.8,146.28,143.64,152.46,160.26,155.52,149.82,156.72,153.78,159.36,160.5,158.82,163.32,156.18,146.34,143.16,140.28,136.08,138.42,143.22,143.58,142.62,135.0
7810699003 PAWTUCKET RED SOX,2/5/2019,1 Power Factor,Power Factor,86.887679,87.356402,86.824608,86.926405,87.306078,87.725367,88.245667,87.612466,88.541598,89.417312,90.029179,89.506794,89.369878,89.494421,88.840648,89.57390500000001,88.727537,87.470497,86.735042,87.098736,86.926648,86.60991800000001,86.815318,86.73655500000001
7810699003 PAWTUCKET RED SOX,2/5/2019,2 kVAh,kVAh,164.28,166.92,168.48,165.24,174.6,182.7,176.22,171.0,177.0,171.96,177.0,179.34,177.72,182.52,175.8,163.38,161.34,160.38,156.9,158.94,164.76,165.78,164.28,155.64
7810699003 PAWTUCKET RED SOX,2/6/2019,1 kWh,kWh,136.44,142.62,143.1,137.1,142.56,157.8,145.26,139.68,149.94,153.84,157.2,161.22,162.3,161.7,162.0,159.12,161.94,156.66,144.72,148.5,156.18,154.62,148.62,138.0
7810699003 PAWTUCKET RED SOX,2/6/2019,1 Power Factor,Power Factor,87.262999,87.88005,87.42368499999999,87.950779,88.25739200000001,88.729577,88.18997900000001,87.753566,87.252208,88.956453,89.361243,89.151984,88.674149,89.724808,89.051539,89.363885,90.056404,88.83615999999999,87.458147,87.862595,88.180076,88.26191700000001,88.0537,87.220252
7810699003 PAWTUCKET RED SOX,2/6/2019,2 kVAh,kVAh,156.36,162.3,163.68,155.88,161.52,177.84,164.7,159.18,171.84,172.92,175.92,180.84,183.06,180.24,181.92,178.08,179.82,176.34,165.42,169.02,177.12,175.2,168.78,158.22
7810699003 PAWTUCKET RED SOX,2/7/2019,1 kWh,kWh,140.04,140.76,144.18,143.22,142.98,157.44,155.28,153.36,153.96,150.9,158.58,164.22,163.38,161.82,166.38,165.96,166.56,161.22,150.42,155.16,162.06,160.32,154.56,142.14
7810699003 PAWTUCKET RED SOX,2/7/2019,1 Power Factor,Power Factor,87.546547,87.54338100000001,87.003755,86.988798,87.68881999999999,88.09095,88.111075,87.485697,87.210617,87.50426,89.15872,90.157324,89.77228199999999,90.624075,89.798833,89.714997,90.067976,88.872529,87.42644399999999,88.079132,88.152089,87.831496,87.74225899999999,86.99896
7810699003 PAWTUCKET RED SOX,2/7/2019,2 kVAh,kVAh,159.96,160.8,165.72,164.64,163.02,178.74,176.22,175.32,176.52,172.44,177.84,182.16,181.98,178.56,185.28,184.98,184.92,181.38,172.02,176.16,183.84,182.52,176.16,163.38
7810699003 PAWTUCKET RED SOX,2/8/2019,1 kWh,kWh,144.84,145.98,149.04,147.6,146.94,160.32,153.78,149.58,159.48,155.28,160.92,163.32,165.6,162.48,161.76,160.98,150.48,148.8,145.98,139.74,146.34,153.42,148.38,137.76
7810699003 PAWTUCKET RED SOX,2/8/2019,1 Power Factor,Power Factor,87.780413,88.02468,87.129506,87.019347,87.584115,88.623595,88.50246,87.965535,87.78562,88.630831,89.455236,89.994075,89.785309,89.93638,88.979938,89.165839,89.094746,88.287696,87.899574,86.714342,86.740719,87.658244,87.569519,86.60515600000001
7810699003 PAWTUCKET RED SOX,2/8/2019,2 kVAh,kVAh,165.0,165.84,171.06,169.62,167.76,180.9,173.7,170.04,181.68,175.2,179.88,181.5,184.44,180.66,181.8,180.54,168.9,168.54,166.08,161.16,168.72,175.02,169.44,159.06
7810699003 PAWTUCKET RED SOX,2/9/2019,1 kWh,kWh,140.82,145.44,143.4,140.16,149.94,160.44,161.7,157.56,150.78,145.8,149.16,148.44,158.52,154.86,151.32,148.14,145.5,147.06,149.58,157.2,162.12,160.44,156.72,141.66
7810699003 PAWTUCKET RED SOX,2/9/2019,1 Power Factor,Power Factor,87.11905,87.735499,87.29863,87.788892,88.19300600000001,88.346654,88.21401,88.21210699999999,86.982905,86.913023,87.069825,86.80404,87.407634,87.078506,85.99642,86.06157900000001,87.14370500000001,87.285441,86.94479,87.89431,87.439752,87.960473,88.064433,87.31513299999999
7810699003 PAWTUCKET RED SOX,2/9/2019,2 kVAh,kVAh,161.64,165.78,164.28,159.66,169.98,181.62,183.3,178.62,173.34,167.76,171.3,171.0,181.32,177.78,175.98,172.14,166.98,168.48,172.02,178.86,185.4,182.4,177.96,162.24
7810699003 PAWTUCKET RED SOX,2/10/2019,1 kWh,kWh,142.98,144.0,146.22,146.22,161.22,168.78,166.02,163.38,159.96,146.7,150.84,148.86,146.58,145.14,142.74,141.96,152.16,154.68,155.82,156.6,162.06,155.1,156.96,143.04
7810699003 PAWTUCKET RED SOX,2/10/2019,1 Power Factor,Power Factor,87.54552199999999,87.749708,87.443837,87.443555,88.389045,88.07558900000001,87.678169,87.764728,87.579254,86.331117,86.117389,86.566822,86.214792,86.42599799999999,86.038798,85.97555600000001,87.262869,87.900975,87.53076999999999,87.56716800000001,87.382717,87.02931,87.845538,87.144141
7810699003 PAWTUCKET RED SOX,2/10/2019,2 kVAh,kVAh,163.32,164.1,167.22,167.22,182.4,191.64,189.36,186.18,182.64,169.92,175.14,171.96,170.04,167.94,165.9,165.12,174.36,175.98,178.02,178.86,185.46,178.2,178.68,164.16
7810699003 PAWTUCKET RED SOX,2/11/2019,1 kWh,kWh,143.76,144.54,143.94,144.12,153.06,161.88,159.36,154.32,160.86,163.2,166.14,171.66,175.68,175.68,173.64,165.9,168.54,169.92,165.36,163.32,162.72,166.62,159.48,147.18
7810699003 PAWTUCKET RED SOX,2/11/2019,1 Power Factor,Power Factor,87.349861,87.53511,87.268692,87.1861,87.866013,88.319968,88.445707,88.718314,89.48004,89.823963,90.020646,89.488392,88.914764,89.59891400000001,89.101283,89.981994,89.705512,88.83269399999999,88.390567,87.693087,87.042827,87.294793,87.57805,86.954643
7810699003 PAWTUCKET RED SOX,2/11/2019,2 kVAh,kVAh,164.58,165.12,164.94,165.3,174.18,183.3,180.18,173.94,179.76,181.68,184.56,191.82,197.58,196.08,194.88,184.38,187.86,191.28,187.08,186.24,186.9,190.86,182.1,169.26
7810699003 PAWTUCKET RED SOX,2/12/2019,1 kWh,kWh,150.12,151.92,151.14,151.56,156.0,168.12,166.62,167.4,167.88,168.0,173.82,174.42,177.48,171.84,166.5,156.24,160.68,162.9,163.08,161.82,168.48,164.76,152.28,147.0
7810699003 PAWTUCKET RED SOX,2/12/2019,1 Power Factor,Power Factor,87.419349,87.61130899999999,86.952726,87.193751,87.77176999999999,88.06295300000001,88.351075,88.318852,88.59605400000001,88.744937,89.665148,89.36478000000001,88.64468000000001,89.808398,88.051477,87.08689,87.518146,87.95023,87.76157099999999,87.773859,87.69325400000001,87.508032,87.477655,87.373754
7810699003 PAWTUCKET RED SOX,2/12/2019,2 kVAh,kVAh,171.72,173.4,173.82,173.82,177.72,190.92,188.58,189.54,189.48,189.3,193.86,195.18,200.22,191.34,189.06,179.4,183.6,185.22,185.82,184.38,192.12,188.28,174.06,168.24
7810699003 PAWTUCKET RED SOX,2/13/2019,1 kWh,kWh,146.1,149.58,151.14,150.36,158.1,164.22,163.38,160.08,161.22,164.16,166.26,168.78,167.82,159.48,148.56,146.16,151.08,145.98,142.2,141.54,142.38,145.74,140.22,122.94
7810699003 PAWTUCKET RED SOX,2/13/2019,1 Power Factor,Power Factor,87.68517,87.471681,86.922993,86.893249,87.978551,88.466291,88.198625,88.080836,87.83793,88.657443,88.95660500000001,89.93039399999999,89.391909,89.507479,87.86013299999999,87.41448100000001,87.335864,86.828231,86.474448,85.61852900000001,84.70832,84.890158,84.450463,82.955373
7810699003 PAWTUCKET RED SOX,2/13/2019,2 kVAh,kVAh,166.62,171.0,173.88,173.04,179.7,185.64,185.22,181.74,183.54,185.16,186.9,187.68,187.74,178.08,169.08,167.22,172.98,168.12,164.46,165.3,168.06,171.66,166.02,148.2
7810699003 PAWTUCKET RED SOX,2/14/2019,1 kWh,kWh,124.2,128.52,131.46,131.52,137.04,144.18,143.1,139.86,146.34,151.38,154.98,158.7,158.76,160.44,163.02,154.68,150.06,147.3,142.08,140.46,138.36,137.46,134.88,122.34
7810699003 PAWTUCKET RED SOX,2/14/2019,1 Power Factor,Power Factor,83.977212,84.10226800000001,83.75960500000001,84.275391,85.549211,85.257458,85.855263,86.007914,85.23598100000001,86.996884,88.098954,88.254161,88.489243,89.04365200000001,88.88936700000001,88.218079,87.56803199999999,86.650481,86.608728,86.345725,85.172901,85.489021,85.342042,84.223413
7810699003 PAWTUCKET RED SOX,2/14/2019,2 kVAh,kVAh,147.9,152.82,156.96,156.0,160.14,169.14,166.68,162.6,171.66,174.0,175.92,179.82,179.4,180.18,183.36,175.32,171.36,169.98,164.04,162.6,162.42,160.8,158.04,145.26
7810699003 PAWTUCKET RED SOX,2/15/2019,1 kWh,kWh,123.54,127.14,127.86,123.12,130.92,137.16,138.42,130.26,133.56,130.32,138.6,151.92,153.9,156.78,161.34,157.86,150.54,138.9,132.3,128.34,133.98,139.32,137.64,120.84
7810699003 PAWTUCKET RED SOX,2/15/2019,1 Power Factor,Power Factor,84.423527,85.064635,84.328294,84.93344300000001,85.37652,85.809097,86.416151,85.58128599999999,86.175753,86.176118,87.205783,87.0703,86.768827,87.42012199999999,87.460978,87.11121700000001,87.36133199999999,85.69874399999999,84.739974,84.66154,84.29171600000001,85.169609,85.080933,83.216306
7810699003 PAWTUCKET RED SOX,2/15/2019,2 kVAh,kVAh,146.34,149.46,151.62,144.96,153.3,159.84,160.14,152.16,154.92,151.2,158.94,174.48,177.36,179.34,184.44,181.2,172.32,162.06,156.12,151.56,158.94,163.56,161.76,145.2
7810699003 PAWTUCKET RED SOX,2/16/2019,1 kWh,kWh,121.74,122.82,126.96,125.64,125.58,138.84,132.78,126.48,132.3,123.18,123.06,119.28,119.64,121.14,120.24,117.72,123.06,131.82,124.8,129.66,138.72,139.5,135.96,122.22
7810699003 PAWTUCKET RED SOX,2/16/2019,1 Power Factor,Power Factor,83.190867,83.656853,83.044465,83.06053100000001,83.852283,84.863977,83.897874,83.014085,83.11435999999999,82.552881,83.344925,83.393624,82.94865,83.676716,82.703295,82.96424,84.00256800000001,84.830428,83.097815,83.555566,84.34625,84.70152,84.349244,82.937591
7810699003 PAWTUCKET RED SOX,2/16/2019,2 kVAh,kVAh,146.34,146.82,152.88,151.26,149.76,163.62,158.22,152.4,159.18,149.22,147.66,143.04,144.24,144.78,145.38,141.9,146.46,155.4,150.18,155.22,164.46,164.7,161.16,147.36
7810699003 PAWTUCKET RED SOX,2/17/2019,1 kWh,kWh,123.6,128.28,132.06,127.5,130.98,142.62,146.22,135.54,136.38,126.06,126.18,124.92,124.38,126.06,123.9,128.82,132.66,141.18,137.94,139.14,145.44,146.64,138.48,126.84
7810699003 PAWTUCKET RED SOX,2/17/2019,1 Power Factor,Power Factor,83.130273,84.440136,84.311575,84.05318199999999,84.173792,85.295167,85.618299,83.8922,82.833673,82.992171,82.95756899999999,83.313615,83.184811,83.170024,82.719563,83.021457,84.076571,85.257266,84.68356899999999,83.88578199999999,84.556303,84.47957099999999,84.536064,82.935018
7810699003 PAWTUCKET RED SOX,2/17/2019,2 kVAh,kVAh,148.68,151.92,156.6,151.68,155.58,167.22,170.76,161.58,164.64,151.92,152.1,149.94,149.52,151.56,149.76,155.16,157.74,165.6,162.9,165.84,171.96,173.58,163.8,152.94
7810699003 PAWTUCKET RED SOX,2/18/2019,1 kWh,kWh,127.38,130.8,129.9,127.98,134.82,144.12,144.24,137.82,140.94,129.72,125.52,128.46,125.34,131.4,130.86,126.54,133.32,141.72,141.72,147.9,145.8,150.36,143.34,133.2
7810699003 PAWTUCKET RED SOX,2/18/2019,1 Power Factor,Power Factor,83.576297,84.764028,83.71913,83.815431,85.005599,85.27064399999999,85.62682099999999,85.051594,85.383605,84.64303199999999,84.11456,83.661517,83.57074899999999,84.488723,83.359536,83.324759,83.910844,84.972414,85.1457,85.655918,84.63946999999999,84.670004,85.359539,85.530357
7810699003 PAWTUCKET RED SOX,2/18/2019,2 kVAh,kVAh,152.4,154.32,155.16,152.7,158.52,169.02,168.42,162.0,165.06,153.24,149.22,153.54,149.94,155.52,156.96,151.86,158.82,166.74,166.44,172.62,172.26,177.6,167.94,155.7
7810699003 PAWTUCKET RED SOX,2/19/2019,1 kWh,kWh,132.12,133.44,134.82,130.5,146.4,151.44,149.94,149.1,159.6,159.3,159.9,161.7,164.4,174.48,176.58,162.48,165.78,155.7,150.48,149.52,153.42,149.76,144.72,131.52
7810699003 PAWTUCKET RED SOX,2/19/2019,1 Power Factor,Power Factor,85.580887,85.972096,85.372505,85.83433000000001,87.50452800000001,87.12892,86.589396,87.035443,87.401839,87.48078100000001,88.687851,88.514179,89.176774,90.174963,90.248063,88.851452,88.874505,87.877811,87.850588,87.176013,86.879262,86.60296600000001,86.792078,85.89209100000001
7810699003 PAWTUCKET RED SOX,2/19/2019,2 kVAh,kVAh,154.38,155.22,157.92,152.04,167.28,173.82,173.16,171.3,182.58,182.1,180.3,182.7,184.32,193.5,195.66,182.88,186.54,177.18,171.3,171.48,176.58,172.92,166.74,153.12
7810699003 PAWTUCKET RED SOX,2/20/2019,1 kWh,kWh,130.92,135.18,137.34,136.14,143.28,155.1,149.28,155.16,157.2,161.46,169.38,173.04,174.18,173.04,169.14,159.96,165.24,150.84,150.48,155.46,157.86,157.32,147.3,135.48
7810699003 PAWTUCKET RED SOX,2/20/2019,1 Power Factor,Power Factor,85.635612,86.190478,85.951358,85.23983,86.86768599999999,86.50880500000001,86.914743,87.060317,87.502342,89.20413,90.102873,90.547674,90.400778,90.807133,90.14699499999999,89.020379,88.622493,86.660792,86.665798,86.367627,86.399699,86.18842099999999,86.54048900000001,85.796624
7810699003 PAWTUCKET RED SOX,2/20/2019,2 kVAh,kVAh,152.88,156.84,159.78,159.72,164.94,179.28,171.78,178.26,179.64,180.96,187.98,191.1,192.66,190.56,187.62,179.7,186.42,174.06,173.64,180.0,182.7,182.52,170.22,157.92
7810699003 PAWTUCKET RED SOX,2/21/2019,1 kWh,kWh,133.68,137.22,135.78,137.64,141.6,155.76,152.28,150.36,157.8,154.44,169.56,165.54,172.32,175.8,161.4,149.28,156.78,150.72,146.76,141.24,149.1,151.74,144.18,132.0
7810699003 PAWTUCKET RED SOX,2/21/2019,1 Power Factor,Power Factor,86.324277,86.398826,85.94807800000001,85.690905,87.214435,86.60528000000001,87.36872199999999,86.38717,87.215793,87.94014,89.945697,89.929987,90.07804200000001,90.348548,88.732029,87.25995400000001,88.15871800000001,87.041342,86.03784399999999,85.482417,85.807556,86.0526,86.128682,84.624597
7810699003 PAWTUCKET RED SOX,2/21/2019,2 kVAh,kVAh,154.86,158.82,157.98,160.62,162.36,179.82,174.3,174.06,180.9,175.62,188.52,184.08,191.28,194.58,181.86,171.06,177.84,173.16,170.58,165.24,173.76,176.34,167.4,156.0
7810699003 PAWTUCKET RED SOX,2/22/2019,1 kWh,kWh,132.24,136.08,137.22,133.92,139.92,148.26,141.9,135.36,145.98,145.44,158.64,157.38,158.76,162.12,160.92,147.72,149.64,149.4,141.6,144.84,151.02,149.58,143.4,128.58
7810699003 PAWTUCKET RED SOX,2/22/2019,1 Power Factor,Power Factor,84.994519,85.591189,85.020873,85.159338,85.69524100000001,85.747722,85.92179,84.906023,86.218347,87.541326,89.38396800000001,89.88984599999999,89.9718,90.256524,89.549933,88.01669,87.424318,86.643783,85.87500899999999,85.933543,86.04762,85.96539399999999,86.156063,84.735772
7810699003 PAWTUCKET RED SOX,2/22/2019,2 kVAh,kVAh,155.58,159.0,161.4,157.26,163.26,172.92,165.12,159.42,169.32,166.08,177.48,175.08,176.46,179.64,179.7,167.82,171.18,172.44,164.88,168.54,175.5,174.0,166.44,151.74
7810699003 PAWTUCKET RED SOX,2/23/2019,1 kWh,kWh,130.14,134.46,135.24,133.5,139.74,149.64,148.32,145.5,140.46,127.5,129.18,128.64,134.52,138.42,137.82,133.8,140.34,151.62,146.34,142.14,151.38,144.84,141.24,128.58
7810699003 PAWTUCKET RED SOX,2/23/2019,1 Power Factor,Power Factor,85.15965,85.737164,85.184115,85.381546,86.34348,86.24328299999999,85.827979,85.662141,84.379062,83.957785,84.001359,84.437924,85.343062,85.829696,85.167638,84.954723,86.229343,87.073849,87.169433,86.006731,86.880555,86.833668,86.224296,85.34278499999999
7810699003 PAWTUCKET RED SOX,2/23/2019,2 kVAh,kVAh,152.82,156.84,158.76,156.36,161.82,173.52,172.8,169.86,166.44,151.86,153.78,152.34,157.62,161.28,161.82,157.5,162.72,174.12,167.88,165.3,174.24,166.8,163.8,150.66
7810699003 PAWTUCKET RED SOX,2/24/2019,1 kWh,kWh,128.4,135.6,136.62,135.24,134.76,149.4,145.26,139.2,144.12,128.34,127.32,124.44,128.46,135.72,136.44,133.56,135.24,140.64,141.36,139.14,142.2,144.12,136.56,123.18
7810699003 PAWTUCKET RED SOX,2/24/2019,1 Power Factor,Power Factor,85.361897,85.31470999999999,85.171959,85.081061,84.785787,85.71058000000001,85.232238,84.51160899999999,84.760139,83.649168,84.26316899999999,83.824287,84.172156,85.446206,84.903875,84.760326,85.680095,85.212188,85.732675,85.61354200000001,85.133534,85.325998,84.674012,83.557967
7810699003 PAWTUCKET RED SOX,2/24/2019,2 kVAh,kVAh,150.42,158.94,160.38,158.94,158.94,174.3,170.4,164.7,169.98,153.42,151.08,148.44,152.58,158.82,160.68,157.56,157.86,165.06,164.88,162.42,166.98,168.9,161.28,147.42
7810699003 PAWTUCKET RED SOX,2/25/2019,1 kWh,kWh,122.76,127.68,124.62,125.1,130.26,140.34,141.12,133.62,148.02,144.72,151.92,152.04,164.34,170.58,167.76,160.62,166.68,161.64,161.88,161.34,159.36,166.38,156.9,143.88
7810699003 PAWTUCKET RED SOX,2/25/2019,1 Power Factor,Power Factor,84.18960799999999,84.823013,84.092439,84.27524,84.917608,85.94478000000001,86.021916,85.464055,86.85384,87.455741,87.922301,89.289898,90.69572,91.47617,90.481185,90.23280600000001,89.71497099999999,88.674421,88.074547,86.53603000000001,86.39203,87.7958,87.641293,86.946034
7810699003 PAWTUCKET RED SOX,2/25/2019,2 kVAh,kVAh,145.8,150.54,148.2,148.44,153.36,163.32,164.04,156.36,170.4,165.48,172.8,170.28,181.2,186.48,185.4,178.02,185.82,182.28,183.78,186.42,184.44,189.48,179.04,165.48
7810699003 PAWTUCKET RED SOX,2/26/2019,1 kWh,kWh,147.18,147.06,151.02,151.5,157.08,163.5,167.4,161.88,172.62,166.38,167.82,164.52,165.48,162.78,163.98,166.2,173.82,165.48,159.54,158.82,163.92,165.0,155.58,141.66
7810699003 PAWTUCKET RED SOX,2/26/2019,1 Power Factor,Power Factor,87.43873599999999,87.44640799999999,86.992932,87.01395600000001,87.770849,88.365245,88.736876,88.299214,88.34400600000001,89.043316,89.912317,89.345988,89.159035,89.47885699999999,89.022019,89.121218,90.436442,89.141061,88.68115999999999,88.646976,87.957709,87.668245,87.774737,86.766083
7810699003 PAWTUCKET RED SOX,2/26/2019,2 kVAh,kVAh,168.3,168.18,173.58,174.12,178.92,185.04,188.64,183.36,195.36,186.84,186.66,184.14,185.58,181.92,184.2,186.48,192.3,185.64,179.88,179.16,186.36,188.22,177.24,163.26
7810699003 PAWTUCKET RED SOX,2/27/2019,1 kWh,kWh,142.68,144.3,145.38,145.56,155.64,162.84,159.12,160.98,173.04,161.28,168.66,170.16,174.12,173.22,167.88,173.28,176.64,165.24,164.04,160.68,164.82,166.62,152.52,137.52
7810699003 PAWTUCKET RED SOX,2/27/2019,1 Power Factor,Power Factor,86.820604,86.701038,86.319786,86.154172,87.54434599999999,87.040304,87.580496,88.11990899999999,88.565474,88.686468,89.181202,89.57502,89.453672,90.21215699999999,89.27902399999999,89.235954,89.506176,87.874127,88.108487,88.154774,87.480039,87.41238100000001,87.171126,86.359063
7810699003 PAWTUCKET RED SOX,2/27/2019,2 kVAh,kVAh,164.34,166.44,168.42,168.96,177.78,187.08,181.68,182.7,195.36,181.86,189.12,189.96,194.64,192.0,188.04,194.16,197.34,188.04,186.18,182.28,188.4,190.62,174.96,159.24
7810699003 PAWTUCKET RED SOX,2/28/2019,1 kWh,kWh,137.82,139.74,140.88,143.52,150.84,161.64,156.96,161.94,160.44,157.98,166.86,166.98,172.68,170.04,168.06,164.58,173.1,162.36,157.92,160.32,162.24,166.14,151.68,142.02
7810699003 PAWTUCKET RED SOX,2/28/2019,1 Power Factor,Power Factor,86.126413,86.87260699999999,86.133152,86.847566,87.563514,87.769834,87.433116,88.596124,88.363896,88.532011,89.187294,89.594013,89.518456,89.684329,88.573184,88.39702700000001,88.36059499999999,88.09196,87.81824300000001,87.78308100000001,87.19850799999999,87.458329,87.810744,86.735312
7810699003 PAWTUCKET RED SOX,2/28/2019,2 kVAh,kVAh,160.02,160.86,163.56,165.24,172.26,184.14,179.52,182.76,181.56,178.44,187.08,186.36,192.9,189.6,189.72,186.18,195.9,184.32,179.82,182.64,186.06,189.96,172.74,163.68
7810699003 PAWTUCKET RED SOX,3/1/2019,1 kWh,kWh,139.32,140.28,140.82,142.56,147.6,159.06,151.56,159.18,166.08,160.62,156.96,160.2,166.62,169.32,176.28,174.66,185.22,176.58,168.3,163.26,169.08,168.72,168.0,148.02
7810699003 PAWTUCKET RED SOX,3/1/2019,1 Power Factor,Power Factor,86.222135,86.711184,85.84416999999999,85.902843,86.531028,86.87911899999999,87.137253,87.709478,88.010889,88.438568,89.035816,88.79292099999999,88.46719399999999,88.546617,89.85508100000001,89.685775,90.373509,89.803895,89.296351,88.95115899999999,88.783777,88.537062,88.55638499999999,87.482224
7810699003 PAWTUCKET RED SOX,3/1/2019,2 kVAh,kVAh,161.58,161.76,164.04,165.96,170.58,183.06,173.94,181.5,188.7,181.62,176.28,180.42,188.34,191.22,196.2,194.76,204.96,196.62,188.46,183.54,190.44,190.56,189.72,169.2
7810699003 PAWTUCKET RED SOX,3/2/2019,1 kWh,kWh,147.0,148.86,146.7,148.38,159.24,164.28,164.22,161.88,159.3,150.78,143.88,146.28,148.38,151.62,151.44,155.04,162.84,161.04,162.3,161.52,167.58,169.56,157.98,144.24
7810699003 PAWTUCKET RED SOX,3/2/2019,1 Power Factor,Power Factor,87.562084,87.793283,87.509524,87.140006,88.004757,87.927885,87.524573,87.513553,87.018045,86.32125500000001,86.60396800000001,86.290186,86.589207,86.956644,86.03218199999999,86.394673,87.792118,88.119888,88.627416,88.694171,88.57564,88.147267,87.804142,87.355117
7810699003 PAWTUCKET RED SOX,3/2/2019,2 kVAh,kVAh,167.88,169.56,167.64,170.28,180.96,186.84,187.62,184.98,183.06,174.66,166.14,169.5,171.36,174.36,176.04,179.46,185.46,182.76,183.12,182.1,189.18,192.36,179.88,165.12
7810699003 PAWTUCKET RED SOX,3/3/2019,1 kWh,kWh,144.12,145.8,147.42,147.42,159.66,166.38,165.36,158.82,163.92,149.7,145.62,143.76,142.26,143.28,144.54,148.38,155.76,161.28,158.88,161.58,165.18,159.84,154.92,140.28
7810699003 PAWTUCKET RED SOX,3/3/2019,1 Power Factor,Power Factor,87.409223,87.882911,86.78995,86.696612,87.60810699999999,86.821129,87.657692,87.616978,87.169349,86.42506,85.913282,86.500405,86.50769100000001,87.125026,86.438363,86.921984,87.598607,88.017217,88.236699,88.239343,88.089159,86.910155,87.847314,86.655434
7810699003 PAWTUCKET RED SOX,3/3/2019,2 kVAh,kVAh,164.88,165.9,169.86,170.04,182.22,191.64,188.64,181.26,188.04,173.22,169.5,166.2,164.46,164.46,167.22,170.7,177.78,183.24,180.06,183.12,187.5,183.9,176.34,161.88
7810699003 PAWTUCKET RED SOX,3/4/2019,1 kWh,kWh,140.52,142.56,143.58,143.34,149.58,161.7,160.02,159.24,155.82,147.54,148.98,154.08,162.78,165.6,165.24,161.88,175.56,165.84,160.74,162.66,156.3,164.82,164.58,147.84
7810699003 PAWTUCKET RED SOX,3/4/2019,1 Power Factor,Power Factor,87.031199,87.09956899999999,86.14198499999999,86.122247,86.95753,87.185784,87.439433,87.32768,86.757797,86.26813299999999,86.66301,87.825488,89.212513,89.96356999999999,89.213705,89.047191,89.592789,89.280176,88.766469,89.065668,87.652774,88.210893,88.231033,87.906014
7810699003 PAWTUCKET RED SOX,3/4/2019,2 kVAh,kVAh,161.46,163.68,166.68,166.44,172.02,185.46,183.0,182.34,179.58,171.0,171.9,175.44,182.46,184.08,185.22,181.8,195.96,185.76,181.08,182.64,178.32,186.84,186.54,168.18
7810699003 PAWTUCKET RED SOX,3/5/2019,1 kWh,kWh,145.68,146.76,145.32,145.68,157.02,166.8,164.04,168.72,174.78,175.98,179.64,177.78,179.7,181.44,182.16,175.86,184.92,180.66,173.88,170.46,175.62,174.06,167.64,150.42
7810699003 PAWTUCKET RED SOX,3/5/2019,1 Power Factor,Power Factor,87.778803,88.622457,88.072289,88.036682,88.64132099999999,88.33675,88.88262399999999,88.95871,88.863924,89.686284,89.96141,90.581498,90.730117,90.840152,90.785274,89.71501500000001,90.461246,89.71900600000001,89.774117,89.291811,89.35027,88.742406,89.182852,88.368197
7810699003 PAWTUCKET RED SOX,3/5/2019,2 kVAh,kVAh,165.96,165.6,165.0,165.48,177.12,188.82,184.56,189.66,196.68,196.2,199.68,196.26,198.06,199.74,200.64,196.02,204.42,201.36,193.68,190.92,196.56,196.14,187.98,170.22
7810699003 PAWTUCKET RED SOX,3/6/2019,1 kWh,kWh,150.6,153.72,154.74,156.54,168.48,173.22,170.58,172.26,184.74,181.38,181.08,181.62,189.48,194.7,186.9,186.48,185.1,179.58,176.28,178.92,177.72,181.14,167.16,151.14
7810699003 PAWTUCKET RED SOX,3/6/2019,1 Power Factor,Power Factor,88.411897,88.53004399999999,87.87003399999999,88.113007,88.586152,88.369462,88.45993299999999,89.051511,89.84366,90.236614,90.89841899999999,91.00787700000001,91.16073399999999,91.700284,90.780776,90.052313,90.44102600000001,89.39434200000001,89.05703100000001,89.441804,88.953233,89.030323,88.94716,88.04346600000001
7810699003 PAWTUCKET RED SOX,3/6/2019,2 kVAh,kVAh,170.34,173.64,176.1,177.66,190.2,196.02,192.84,193.44,205.62,201.0,199.2,199.56,207.84,212.34,205.86,207.06,204.66,200.88,197.94,200.04,199.8,203.46,187.92,171.66
7810699003 PAWTUCKET RED SOX,3/7/2019,1 kWh,kWh,151.02,155.7,152.76,164.16,169.44,175.44,168.9,172.44,192.36,194.7,193.56,192.78,195.9,193.38,191.28,193.92,191.94,184.08,176.16,177.9,181.14,182.28,174.9,156.9
7810699003 PAWTUCKET RED SOX,3/7/2019,1 Power Factor,Power Factor,88.192477,88.748262,87.944365,88.168188,88.313098,88.810455,89.05404399999999,89.614265,91.235729,91.77439,92.222616,92.359851,91.660119,91.296697,91.11286700000001,91.240703,90.620729,89.912302,89.649503,89.548123,89.396287,89.169128,89.68983399999999,88.702629
7810699003 PAWTUCKET RED SOX,3/7/2019,2 kVAh,kVAh,171.24,175.44,173.7,186.18,191.88,197.52,189.66,192.42,210.84,212.1,209.88,208.74,213.72,211.8,209.94,212.52,211.8,204.72,196.5,198.66,202.62,204.42,195.0,176.88
7810699003 PAWTUCKET RED SOX,3/8/2019,1 kWh,kWh,154.38,157.26,157.74,166.98,176.1,175.44,169.5,175.08,190.68,190.98,205.32,217.32,218.28,230.16,225.84,199.86,196.74,186.18,182.46,185.16,184.74,182.34,176.1,159.36
7810699003 PAWTUCKET RED SOX,3/8/2019,1 Power Factor,Power Factor,88.785487,88.969864,88.426792,88.28851999999999,88.37199100000001,88.86384100000001,88.976678,89.790736,90.773209,91.48128299999999,91.930975,92.538451,92.687761,92.727041,91.970437,90.169184,90.205811,89.580438,89.865523,89.872342,89.22363299999999,89.515117,89.91911800000001,88.8294
7810699003 PAWTUCKET RED SOX,3/8/2019,2 kVAh,kVAh,173.88,176.76,178.38,189.12,199.26,197.4,190.5,194.94,210.06,208.74,223.32,234.84,235.5,248.22,245.52,221.64,218.1,207.84,203.04,206.04,207.06,203.7,195.84,179.4
7810699003 PAWTUCKET RED SOX,3/9/2019,1 kWh,kWh,155.82,158.88,157.8,159.0,176.64,176.1,175.32,175.5,177.36,168.54,166.14,164.1,161.16,164.7,151.02,148.92,152.82,158.7,159.18,159.54,164.58,161.28,157.74,142.86
7810699003 PAWTUCKET RED SOX,3/9/2019,1 Power Factor,Power Factor,88.788016,89.12839699999999,88.70213100000001,89.161744,88.86289599999999,88.61810600000001,88.96766600000001,88.713981,88.840226,89.289516,88.984392,89.009917,88.738781,88.686036,87.037681,86.06551,87.317076,87.729089,88.37384899999999,88.495747,88.39276,88.07634,88.459246,87.50471
7810699003 PAWTUCKET RED SOX,3/9/2019,2 kVAh,kVAh,175.5,178.26,177.9,178.32,198.78,198.72,197.04,197.82,199.62,188.76,186.72,184.38,181.62,185.7,173.52,173.04,175.02,180.9,180.12,180.3,186.18,183.12,178.32,163.26
7810699003 PAWTUCKET RED SOX,3/10/2019,1 kWh,kWh,143.46,145.98,,146.88,155.58,160.02,164.04,162.24,153.48,143.88,143.1,141.0,138.48,140.4,141.48,142.8,148.2,150.78,154.44,148.32,158.1,161.64,157.14,142.62
7810699003 PAWTUCKET RED SOX,3/10/2019,1 Power Factor,Power Factor,87.647155,87.74689000000001,,87.055025,86.069855,87.237112,87.432916,87.37066800000001,86.66381,85.858108,85.915585,86.23323,86.01464,86.471262,86.496537,85.768991,86.348927,87.47206,87.60740799999999,87.409862,87.916493,87.690968,87.56231700000001,86.653389
7810699003 PAWTUCKET RED SOX,3/10/2019,2 kVAh,kVAh,163.68,166.38,,168.72,180.78,183.42,187.62,185.7,177.12,167.58,166.56,163.5,160.98,162.36,163.56,166.5,171.6,172.38,176.28,169.68,179.82,184.32,179.46,164.58
7810699003 PAWTUCKET RED SOX,3/11/2019,1 kWh,kWh,142.74,142.56,144.96,146.82,154.44,160.56,159.84,163.08,191.04,186.0,186.0,184.74,184.26,181.92,176.82,164.16,163.44,155.28,151.44,149.28,164.46,166.08,160.44,144.3
7810699003 PAWTUCKET RED SOX,3/11/2019,1 Power Factor,Power Factor,87.015117,86.905353,87.067014,86.435174,86.97390899999999,87.061081,87.717549,89.046672,90.737235,90.722441,91.66597800000001,91.855537,92.057863,92.35390500000001,92.024224,90.44900799999999,89.75743100000001,88.992858,88.464453,88.983866,90.16731700000001,89.610839,89.460121,88.125917
7810699003 PAWTUCKET RED SOX,3/11/2019,2 kVAh,kVAh,164.04,164.04,166.5,169.86,177.54,184.44,182.22,183.12,210.54,205.02,202.92,201.12,200.16,196.98,192.12,181.5,182.1,174.48,171.18,167.76,182.4,185.34,179.34,163.74
7810699003 PAWTUCKET RED SOX,3/12/2019,1 kWh,kWh,143.88,145.14,148.56,149.64,153.72,164.4,157.38,152.82,166.56,157.32,165.24,164.34,166.02,162.42,164.34,159.0,152.34,148.26,147.48,146.7,160.38,161.94,156.12,140.16
7810699003 PAWTUCKET RED SOX,3/12/2019,1 Power Factor,Power Factor,88.226262,88.317198,88.973895,88.596873,88.91985,89.22287,89.216526,88.589975,90.136176,89.702788,89.839057,90.218012,90.72583399999999,90.87098399999999,90.88630400000001,89.714122,88.342804,88.119384,87.920996,88.17142,89.530264,88.989304,88.743371,87.720596
7810699003 PAWTUCKET RED SOX,3/12/2019,2 kVAh,kVAh,163.08,164.34,166.98,168.9,172.86,184.26,176.34,172.5,184.8,175.38,183.96,182.16,183.0,178.74,180.84,177.24,172.44,168.24,167.7,166.38,179.16,181.98,175.92,159.78
7810699003 PAWTUCKET RED SOX,3/13/2019,1 kWh,kWh,139.74,143.1,143.82,144.0,148.68,158.76,156.42,147.06,165.12,156.78,164.94,174.84,181.32,176.4,183.6,179.82,178.62,179.58,173.1,159.72,165.0,167.34,152.88,149.64
7810699003 PAWTUCKET RED SOX,3/13/2019,1 Power Factor,Power Factor,88.18587,88.332797,88.94720799999999,88.658085,88.996871,88.82123399999999,88.84579599999999,88.578128,89.971958,89.579897,88.967045,90.259252,91.800884,92.452261,92.069804,90.344511,89.912335,90.205141,89.86711700000001,88.73292,89.16964300000001,88.429012,88.998694,88.849432
7810699003 PAWTUCKET RED SOX,3/13/2019,2 kVAh,kVAh,158.46,162.0,161.7,162.42,167.04,178.74,176.04,166.02,183.54,175.02,185.4,193.68,197.52,190.8,199.44,199.02,198.66,199.08,192.6,180.0,185.04,189.24,171.78,168.42
7810699003 PAWTUCKET RED SOX,3/14/2019,1 kWh,kWh,144.24,144.72,148.08,147.6,149.7,159.0,157.56,147.78,164.76,163.44,167.04,171.66,171.66,167.58,173.04,171.72,165.06,160.26,161.58,150.78,164.76,165.06,159.06,144.12
7810699003 PAWTUCKET RED SOX,3/14/2019,1 Power Factor,Power Factor,88.450453,88.840542,89.42625600000001,88.874539,88.974259,89.38205,89.284755,88.64282800000001,90.36140999999999,90.166762,90.273895,90.083012,90.254874,90.157005,90.246213,89.409587,89.901053,90.2618,90.221458,89.684519,90.53773100000001,89.8469,89.65125,88.665418
7810699003 PAWTUCKET RED SOX,3/14/2019,2 kVAh,kVAh,163.08,162.9,165.6,166.08,168.24,177.9,176.46,166.68,182.34,181.26,185.04,190.56,190.2,185.88,191.76,192.06,183.6,177.54,179.1,168.12,181.98,183.72,177.42,162.54
7810699003 PAWTUCKET RED SOX,3/15/2019,1 kWh,kWh,146.16,147.6,148.62,147.78,146.34,151.56,149.04,139.5,147.66,151.74,167.94,163.56,162.48,157.44,155.82,144.66,132.54,130.2,123.54,124.32,137.46,138.78,133.92,125.58
7810699003 PAWTUCKET RED SOX,3/15/2019,1 Power Factor,Power Factor,88.777125,88.554815,88.94149200000001,88.502953,88.854393,88.48363,88.773258,88.23433,88.543657,88.75376,90.16641800000001,90.87647199999999,90.75624599999999,90.704289,89.874279,86.882364,86.087346,85.460915,85.08868199999999,85.792811,87.07630400000001,86.20432,85.58013199999999,84.42920500000001
7810699003 PAWTUCKET RED SOX,3/15/2019,2 kVAh,kVAh,164.64,166.68,167.1,166.98,164.7,171.3,167.88,158.1,166.8,171.0,186.24,180.0,179.04,173.58,173.34,166.5,153.96,152.4,145.2,144.9,157.92,160.98,156.48,148.74
7810699003 PAWTUCKET RED SOX,3/16/2019,1 kWh,kWh,119.76,119.34,125.58,130.68,128.64,135.72,132.9,123.18,126.36,121.8,124.26,125.4,127.38,128.94,130.56,130.92,130.08,134.88,137.88,135.18,140.64,144.12,138.06,133.14
7810699003 PAWTUCKET RED SOX,3/16/2019,1 Power Factor,Power Factor,84.46965300000001,84.387041,85.503226,85.55113100000001,85.455958,85.65206500000001,85.47926600000001,84.118912,84.361626,83.84594399999999,84.88207,85.098051,84.987001,84.303787,85.046695,84.188029,85.12196800000001,85.736967,86.815896,86.81376999999999,87.69767900000001,86.96545,86.635286,86.78087
7810699003 PAWTUCKET RED SOX,3/16/2019,2 kVAh,kVAh,141.78,141.42,146.88,152.76,150.54,158.46,155.46,146.46,149.82,145.26,146.4,147.36,149.88,152.94,153.54,155.52,152.82,157.32,158.76,155.7,160.38,165.72,159.36,153.42
7810699003 PAWTUCKET RED SOX,3/17/2019,1 kWh,kWh,136.44,136.02,138.6,137.1,138.66,147.96,139.98,133.74,136.92,132.48,131.88,130.02,132.72,134.16,136.08,139.74,134.28,140.7,147.0,136.14,153.12,156.36,152.76,138.66
7810699003 PAWTUCKET RED SOX,3/17/2019,1 Power Factor,Power Factor,86.492867,86.262039,87.071986,86.455187,86.65124399999999,87.39608299999999,86.123614,84.917005,85.50576600000001,85.216728,85.458402,85.37778,85.390449,85.900695,86.140843,85.25183,86.246202,87.293775,87.816257,87.167559,88.949039,88.37133100000001,88.537031,87.86985200000001
7810699003 PAWTUCKET RED SOX,3/17/2019,2 kVAh,kVAh,157.74,157.68,159.18,158.58,160.02,169.32,162.48,157.5,160.14,155.46,154.32,152.28,155.46,156.18,157.98,163.92,155.7,161.16,167.4,156.18,172.14,176.94,172.56,157.8
7810699003 PAWTUCKET RED SOX,3/18/2019,1 kWh,kWh,142.8,143.52,144.06,143.58,147.12,160.38,157.68,152.52,156.66,162.0,169.98,174.3,182.16,177.9,169.92,168.18,168.18,169.56,166.14,160.68,168.18,172.98,172.2,160.44
7810699003 PAWTUCKET RED SOX,3/18/2019,1 Power Factor,Power Factor,87.760747,88.067729,88.561695,88.074873,88.28976899999999,88.66471899999999,88.75354499999999,88.13407099999999,89.0292,89.496092,89.818527,90.898212,91.202046,91.28979100000001,91.803736,91.143724,90.105688,89.658304,89.443724,89.030636,89.954947,89.758674,89.687241,88.840275
7810699003 PAWTUCKET RED SOX,3/18/2019,2 kVAh,kVAh,162.72,162.96,162.66,163.02,166.62,180.9,177.66,173.04,175.98,181.02,189.24,191.76,199.74,194.88,185.1,184.56,186.66,189.12,185.76,180.48,186.96,192.72,192.0,180.6
7810699003 PAWTUCKET RED SOX,3/19/2019,1 kWh,kWh,158.04,159.0,161.16,161.64,163.98,172.5,170.4,155.88,169.26,171.24,169.74,169.5,171.66,171.0,174.42,174.0,172.44,164.22,160.38,164.16,165.84,169.26,167.64,151.62
7810699003 PAWTUCKET RED SOX,3/19/2019,1 Power Factor,Power Factor,89.046132,89.286919,89.474721,88.99916,89.223515,89.346643,89.52977800000001,88.66516700000001,89.473801,89.723985,90.156326,91.334435,91.410623,91.530441,91.567607,90.657604,89.872939,89.435837,89.059545,90.007514,89.987092,89.811216,89.326042,88.824907
7810699003 PAWTUCKET RED SOX,3/19/2019,2 kVAh,kVAh,177.48,178.08,180.12,181.62,183.78,193.08,190.32,175.8,189.18,190.86,188.28,185.58,187.8,186.84,190.5,191.94,191.88,183.6,180.06,182.4,184.32,188.46,187.68,170.7
7810699003 PAWTUCKET RED SOX,3/20/2019,1 kWh,kWh,152.1,153.42,158.1,158.34,162.6,170.34,171.0,162.24,172.98,175.5,172.32,174.66,173.16,184.98,178.5,177.24,169.38,169.8,167.52,154.98,171.36,173.1,160.38,147.54
7810699003 PAWTUCKET RED SOX,3/20/2019,1 Power Factor,Power Factor,88.51003299999999,89.37514,89.846804,89.45756899999999,89.79105,89.930858,89.901514,89.329886,89.388438,90.141376,90.885758,91.111809,91.591388,91.243842,91.214529,90.71692,90.163416,89.83480899999999,89.890214,89.469153,90.728572,89.985361,89.64025,88.80275
7810699003 PAWTUCKET RED SOX,3/20/2019,2 kVAh,kVAh,171.84,171.66,175.98,177.0,181.08,189.42,190.2,181.62,193.5,194.7,189.6,191.7,189.06,202.74,195.72,195.36,187.86,189.0,186.36,173.22,188.88,192.36,178.92,166.14
7810699003 PAWTUCKET RED SOX,3/21/2019,1 kWh,kWh,148.32,149.64,152.58,153.84,151.86,162.66,158.76,152.16,163.26,163.92,172.26,183.66,186.48,179.76,183.6,174.36,164.04,156.0,144.3,142.62,150.9,153.12,147.72,141.0
7810699003 PAWTUCKET RED SOX,3/21/2019,1 Power Factor,Power Factor,88.73194699999999,88.94265899999999,89.16968299999999,88.702579,89.15316,89.23770400000001,88.823006,88.971975,89.89520999999999,89.892983,91.07844300000001,91.49126600000001,90.874486,90.731926,90.82591500000001,90.514561,90.32008499999999,88.824063,87.77309100000001,87.808044,88.472047,88.029489,87.928463,87.494957
7810699003 PAWTUCKET RED SOX,3/21/2019,2 kVAh,kVAh,167.16,168.24,171.12,173.46,170.34,182.28,178.74,171.0,181.62,182.34,189.12,200.76,205.2,198.12,202.14,192.66,181.62,175.62,164.4,162.42,170.58,173.94,168.0,161.16
7810699003 PAWTUCKET RED SOX,3/22/2019,1 kWh,kWh,142.5,144.9,146.04,146.7,147.24,159.18,147.72,144.66,149.76,159.24,160.32,171.06,172.68,171.48,171.0,169.56,164.58,167.34,147.54,141.84,156.48,158.94,154.02,142.02
7810699003 PAWTUCKET RED SOX,3/22/2019,1 Power Factor,Power Factor,87.963862,88.136362,88.253517,88.013319,88.329729,88.90939,88.58477099999999,88.569581,89.241653,89.838441,90.64117900000001,91.53001,92.06925,91.900373,91.461462,90.29021,90.436418,90.601218,88.726453,88.135712,89.287529,89.106851,89.010239,88.389025
7810699003 PAWTUCKET RED SOX,3/22/2019,2 kVAh,kVAh,162.0,164.4,165.48,166.68,166.68,179.04,166.74,163.32,167.82,177.24,176.88,186.9,187.56,186.6,186.96,187.8,181.98,184.68,166.26,160.92,175.26,178.38,173.04,160.68
7810699003 PAWTUCKET RED SOX,3/23/2019,1 kWh,kWh,143.88,146.88,150.72,149.4,151.74,159.72,161.7,144.18,156.42,146.64,153.3,156.0,154.44,154.5,150.96,149.58,150.72,146.58,152.1,148.5,163.74,163.44,158.82,145.86
7810699003 PAWTUCKET RED SOX,3/23/2019,1 Power Factor,Power Factor,88.42179300000001,87.899301,88.635947,88.676084,88.890902,89.092013,89.014599,87.734299,88.670726,88.014177,88.68675400000001,88.648186,89.004809,88.817815,88.44669499999999,88.284748,87.801255,88.200461,89.160653,88.47839300000001,90.246263,89.665009,89.726658,89.047054
7810699003 PAWTUCKET RED SOX,3/23/2019,2 kVAh,kVAh,162.72,167.1,170.04,168.48,170.7,179.28,181.62,164.34,176.4,166.62,172.86,175.98,173.52,173.94,170.7,169.44,171.66,166.2,170.58,167.82,181.44,182.28,177.0,163.8
7810699003 PAWTUCKET RED SOX,3/24/2019,1 kWh,kWh,147.42,150.24,151.2,150.0,155.82,163.56,161.7,147.84,160.26,148.26,144.3,147.12,143.94,139.92,139.5,141.36,136.44,142.92,139.44,138.36,147.78,148.92,144.9,137.16
7810699003 PAWTUCKET RED SOX,3/24/2019,1 Power Factor,Power Factor,89.119372,89.30380799999999,89.67931899999999,89.41466899999999,89.760166,89.643774,88.744167,87.52809,88.919636,87.87056700000001,87.90269,88.146564,87.072177,87.013487,87.3176,87.06840600000001,87.505863,87.611316,87.73415200000001,87.627604,87.978482,86.84972900000001,87.248888,87.209852
7810699003 PAWTUCKET RED SOX,3/24/2019,2 kVAh,kVAh,165.42,168.24,168.6,167.76,173.58,182.46,182.16,168.9,180.24,168.72,164.16,166.92,165.3,160.8,159.78,162.36,155.94,163.14,158.94,157.92,168.0,171.48,166.08,157.26
7810699003 PAWTUCKET RED SOX,3/25/2019,1 kWh,kWh,137.76,138.0,140.88,145.56,143.22,153.42,142.56,133.86,146.82,154.98,161.88,162.06,162.72,157.38,160.74,163.68,162.6,159.72,149.16,152.16,155.4,155.58,156.96,148.14
7810699003 PAWTUCKET RED SOX,3/25/2019,1 Power Factor,Power Factor,87.130773,86.988783,87.84339200000001,87.205113,87.784435,88.531177,87.77140899999999,87.868887,88.314493,89.588655,90.41124599999999,91.065962,91.328529,91.392413,90.99680500000001,90.479526,90.54666999999999,90.01285899999999,88.345575,89.467031,89.716123,88.798755,89.156711,88.845619
7810699003 PAWTUCKET RED SOX,3/25/2019,2 kVAh,kVAh,158.1,158.64,160.38,166.92,163.14,173.28,162.42,152.34,166.26,172.98,179.04,177.96,178.2,172.2,176.64,180.9,179.58,177.42,168.84,170.04,173.22,175.2,176.04,166.74
7810699003 PAWTUCKET RED SOX,3/26/2019,1 kWh,kWh,148.32,150.3,149.88,152.34,150.78,166.14,157.26,151.14,159.72,161.16,160.08,170.94,171.84,170.4,176.28,171.9,171.48,164.34,156.06,152.4,157.32,158.58,153.84,151.68
7810699003 PAWTUCKET RED SOX,3/26/2019,1 Power Factor,Power Factor,88.82354000000001,88.952322,89.50655,89.087164,88.891459,89.439086,89.321044,88.539553,89.993075,90.14210200000001,90.351954,91.530238,91.50376999999999,91.587919,91.730612,90.553552,90.29679300000001,90.488052,89.995235,89.19080799999999,89.739409,88.941022,88.850475,89.047671
7810699003 PAWTUCKET RED SOX,3/26/2019,2 kVAh,kVAh,166.98,168.96,167.46,171.0,169.62,185.76,176.04,170.7,177.48,178.8,177.18,186.78,187.8,186.06,192.18,189.84,189.9,181.62,173.4,170.88,175.32,178.32,173.16,170.34
7810699003 PAWTUCKET RED SOX,3/27/2019,1 kWh,kWh,151.02,154.98,157.32,157.56,166.02,171.48,160.08,154.38,161.64,163.74,168.9,183.96,194.52,190.98,193.26,204.12,182.46,178.32,172.5,164.1,164.94,162.0,153.9,154.38
7810699003 PAWTUCKET RED SOX,3/27/2019,1 Power Factor,Power Factor,89.254159,88.785662,89.732153,89.38137900000001,89.77295,90.130619,89.94274200000001,89.741973,89.91966,90.083396,90.843788,92.176914,92.288416,92.85323100000001,92.72178000000001,93.591532,91.879922,91.170389,91.299776,90.675668,90.39286899999999,89.109706,89.435203,89.170013
7810699003 PAWTUCKET RED SOX,3/27/2019,2 kVAh,kVAh,169.2,174.54,175.32,176.28,184.92,190.26,177.96,172.02,179.76,181.8,185.94,199.56,210.78,205.68,208.44,217.74,198.6,195.6,188.94,180.96,182.46,181.8,172.08,173.16
7810699003 PAWTUCKET RED SOX,3/28/2019,1 kWh,kWh,153.48,152.4,152.88,154.8,156.3,163.62,159.36,160.86,164.76,176.64,180.54,183.3,188.94,193.38,191.94,185.34,176.52,169.92,167.04,165.48,169.92,167.28,162.3,148.98
7810699003 PAWTUCKET RED SOX,3/28/2019,1 Power Factor,Power Factor,89.62958499999999,89.944693,89.939624,89.551867,90.259684,90.18064,89.784576,90.728222,90.509937,91.077216,91.571878,91.964529,91.842072,92.148135,92.229803,91.12517,91.263912,90.071788,89.75205799999999,89.399895,89.93502,89.591071,89.451237,88.77377
7810699003 PAWTUCKET RED SOX,3/28/2019,2 kVAh,kVAh,171.24,169.44,169.98,172.86,173.16,181.44,177.48,177.3,182.04,193.92,197.16,199.32,205.74,209.88,208.14,203.4,193.44,188.64,186.12,185.1,188.94,186.72,181.44,167.82
7810699003 PAWTUCKET RED SOX,3/29/2019,1 kWh,kWh,149.7,155.76,155.82,154.74,150.9,161.16,159.42,145.44,159.78,167.16,168.24,175.8,182.22,186.66,188.58,188.1,189.3,181.86,164.82,160.68,166.02,169.56,166.44,161.88
7810699003 PAWTUCKET RED SOX,3/29/2019,1 Power Factor,Power Factor,88.75850600000001,88.661502,89.029197,88.656876,88.901686,89.122765,89.297145,88.51548100000001,89.610873,89.896741,91.131108,92.080804,91.560197,92.421286,92.552604,92.18004,91.955535,91.333376,90.391653,90.44481400000001,90.875501,90.663657,90.68334899999999,90.414222
7810699003 PAWTUCKET RED SOX,3/29/2019,2 kVAh,kVAh,168.66,175.68,175.02,174.54,169.74,180.84,178.5,164.28,178.32,185.94,184.62,190.92,199.02,201.96,203.76,204.06,205.86,199.08,182.34,177.66,182.7,187.02,183.54,179.04
7810699003 PAWTUCKET RED SOX,3/30/2019,1 kWh,kWh,161.22,167.58,168.78,167.82,162.96,169.62,166.38,155.34,158.34,154.2,189.12,190.68,187.2,177.48,157.2,133.38,120.6,116.16,118.08,113.4,121.38,124.74,126.66,122.7
7810699003 PAWTUCKET RED SOX,3/30/2019,1 Power Factor,Power Factor,90.22793,90.47725,90.507729,90.31343299999999,90.443552,90.380002,90.144615,89.681875,89.637653,88.95999599999999,90.709266,90.930741,90.536599,90.466093,89.050999,85.735543,83.957583,83.362626,83.461964,82.99871999999999,84.788656,84.373293,83.693022,83.947909
7810699003 PAWTUCKET RED SOX,3/30/2019,2 kVAh,kVAh,178.68,185.22,186.48,185.82,180.18,187.68,184.56,173.22,176.7,173.28,208.5,209.7,206.76,196.14,176.4,155.58,143.64,139.32,141.48,136.62,143.16,147.84,151.32,146.16
7810699003 PAWTUCKET RED SOX,3/31/2019,1 kWh,kWh,123.84,123.78,127.32,127.74,126.42,125.16,124.32,118.26,122.64,121.02,118.98,118.68,118.56,123.36,122.46,119.7,118.02,113.1,122.7,124.02,133.2,135.84,128.82,132.48
7810699003 PAWTUCKET RED SOX,3/31/2019,1 Power Factor,Power Factor,84.0086,84.309996,84.919966,84.450827,84.558204,84.294874,84.161517,83.442729,83.471204,83.074533,83.94269200000001,85.853526,85.91936,85.280852,84.79433900000001,84.424066,84.598268,84.56769399999999,83.775205,84.05354100000001,85.981133,85.754367,84.630555,85.67286800000001
7810699003 PAWTUCKET RED SOX,3/31/2019,2 kVAh,kVAh,147.42,146.82,149.94,151.26,149.52,148.5,147.66,141.72,146.94,145.68,141.78,138.24,138.0,144.66,144.42,141.78,139.5,133.74,146.46,147.54,154.92,158.4,152.22,154.56
7810699003 PAWTUCKET RED SOX,4/1/2019,1 kWh,kWh,130.74,127.56,131.94,132.48,130.02,129.42,134.7,123.9,139.56,154.92,164.4,170.22,178.98,195.24,195.06,190.02,183.3,173.76,178.86,167.28,169.08,160.02,154.2,149.04
7810699003 PAWTUCKET RED SOX,4/1/2019,1 Power Factor,Power Factor,85.312664,85.382869,85.77016400000001,85.15335300000001,85.65185699999999,86.316247,86.414439,85.72027800000001,88.291822,89.006249,90.19013299999999,90.552036,89.580529,91.933911,91.75389100000001,90.614337,90.6552,90.298333,90.247755,89.964095,89.99972199999999,88.136191,87.17277,87.008023
7810699003 PAWTUCKET RED SOX,4/1/2019,2 kVAh,kVAh,153.18,149.4,153.84,155.58,151.8,149.94,155.82,144.54,158.04,174.0,182.28,187.98,199.8,212.34,212.58,209.7,202.2,192.42,198.18,185.94,187.8,181.56,176.88,171.3
7810699003 PAWTUCKET RED SOX,4/2/2019,1 kWh,kWh,148.62,150.96,153.06,153.9,151.14,152.4,155.46,152.7,166.44,191.16,192.24,192.18,191.04,194.64,199.26,198.06,201.72,244.26,210.3,190.38,192.06,188.88,179.52,172.62
7810699003 PAWTUCKET RED SOX,4/2/2019,1 Power Factor,Power Factor,87.52644699999999,87.691902,87.905785,87.54222,87.924289,88.147813,88.442238,86.973675,88.788505,90.362788,90.689677,90.656948,90.92756899999999,91.01780699999999,91.063562,90.687625,90.982428,95.532826,93.143514,91.466548,91.453971,90.69579,89.307343,90.019025
7810699003 PAWTUCKET RED SOX,4/2/2019,2 kVAh,kVAh,169.8,172.14,174.12,175.8,171.9,172.92,175.74,175.56,187.44,211.56,211.98,211.98,210.12,213.84,218.82,218.4,221.7,254.46,225.36,208.14,210.0,208.26,201.0,191.76
7810699003 PAWTUCKET RED SOX,4/3/2019,1 kWh,kWh,173.94,174.36,177.18,176.4,174.36,175.74,186.66,182.28,188.94,201.54,207.54,209.82,216.96,211.8,227.82,185.46,169.98,160.2,155.76,154.2,160.08,161.16,162.96,157.02
7810699003 PAWTUCKET RED SOX,4/3/2019,1 Power Factor,Power Factor,90.11686,90.249742,90.247786,89.907282,90.418897,90.10452099999999,91.473156,91.448246,91.72218000000001,92.156759,92.072549,92.470385,92.291352,92.458924,94.003425,89.604699,88.448897,87.36872199999999,87.085684,87.565766,88.468612,87.204228,87.050798,87.030273
7810699003 PAWTUCKET RED SOX,4/3/2019,2 kVAh,kVAh,193.02,193.2,196.32,196.2,192.84,195.06,204.06,199.32,205.98,218.7,225.42,226.92,235.08,229.08,241.68,206.76,192.18,183.36,178.86,176.1,180.96,184.8,187.2,180.42
7810699003 PAWTUCKET RED SOX,4/4/2019,1 kWh,kWh,155.88,157.02,157.62,160.32,155.7,154.02,162.78,152.16,156.54,173.88,184.8,185.58,188.22,192.42,202.2,186.66,177.0,159.36,154.14,148.68,151.38,151.56,150.6,146.34
7810699003 PAWTUCKET RED SOX,4/4/2019,1 Power Factor,Power Factor,86.57065899999999,86.71571800000001,86.957699,86.438838,86.96551,87.062945,88.424348,87.283742,87.746279,87.83115600000001,89.61461800000001,89.459546,90.138378,91.125238,91.03205600000001,90.149511,89.584867,88.60571,87.34791899999999,87.22254699999999,87.273388,86.59639200000001,86.25432099999999,86.30151500000001
7810699003 PAWTUCKET RED SOX,4/4/2019,2 kVAh,kVAh,180.06,181.08,181.26,185.46,179.04,176.94,184.08,174.3,178.44,197.94,206.22,207.42,208.74,211.14,222.06,207.0,197.58,179.82,176.46,170.46,173.46,175.02,174.6,169.56
7810699003 PAWTUCKET RED SOX,4/5/2019,1 kWh,kWh,146.82,147.06,151.2,150.24,147.72,149.7,156.72,145.14,158.88,162.66,179.82,180.18,181.8,186.3,187.08,188.4,187.2,178.32,192.3,171.78,168.54,173.64,172.92,160.2
7810699003 PAWTUCKET RED SOX,4/5/2019,1 Power Factor,Power Factor,86.134693,86.516953,86.89544000000001,86.885322,87.274175,86.974009,88.287041,87.868985,89.096992,89.473104,91.449528,90.715639,90.045304,90.241062,90.922821,90.587283,90.629348,90.967455,91.57787900000001,90.832256,90.098658,89.07206,89.21408000000001,88.79549
7810699003 PAWTUCKET RED SOX,4/5/2019,2 kVAh,kVAh,170.46,169.98,174.0,172.92,169.26,172.14,177.48,165.18,178.32,181.8,196.62,198.6,201.9,206.46,205.74,207.96,206.58,196.02,210.0,189.12,187.08,194.94,193.8,180.42
7810699003 PAWTUCKET RED SOX,4/6/2019,1 kWh,kWh,160.86,160.26,162.42,161.76,157.68,165.24,170.1,158.64,175.98,189.9,203.64,228.36,235.32,228.12,186.0,163.02,151.08,145.02,140.82,138.3,145.2,149.04,147.06,145.5
7810699003 PAWTUCKET RED SOX,4/6/2019,1 Power Factor,Power Factor,88.393846,88.80165600000001,89.257288,89.15597,89.29657900000001,89.252124,89.748048,88.458268,89.20212099999999,89.81201300000001,91.343632,91.866058,91.909269,91.571876,89.69103299999999,88.027532,86.118675,86.383716,85.874992,85.684368,86.305465,85.805262,85.18864,85.631664
7810699003 PAWTUCKET RED SOX,4/6/2019,2 kVAh,kVAh,181.98,180.48,181.98,181.44,176.58,185.16,189.48,179.34,197.28,211.44,222.9,248.58,256.02,249.12,207.3,185.16,175.44,167.88,163.98,161.4,168.24,173.7,172.62,169.92
7810699003 PAWTUCKET RED SOX,4/7/2019,1 kWh,kWh,141.96,141.3,144.78,145.44,148.14,145.14,146.34,137.64,141.9,140.1,141.3,136.44,139.44,154.26,139.8,150.66,138.42,136.14,138.84,134.7,146.16,149.46,143.88,140.22
7810699003 PAWTUCKET RED SOX,4/7/2019,1 Power Factor,Power Factor,85.11308000000001,85.919433,86.431823,85.989783,86.269961,86.348997,86.536294,85.69578,85.87693399999999,85.309671,85.726973,85.645356,85.919119,87.686494,86.142478,86.475727,85.325811,85.149105,85.11014200000001,84.826662,85.979242,84.896855,84.318344,84.32206500000001
7810699003 PAWTUCKET RED SOX,4/7/2019,2 kVAh,kVAh,166.8,164.46,167.52,169.14,171.72,168.12,169.08,160.62,165.24,164.22,164.82,159.3,162.3,175.92,162.3,174.12,162.24,159.9,163.14,158.82,169.98,176.04,170.64,166.32
7810699003 PAWTUCKET RED SOX,4/8/2019,1 kWh,kWh,139.56,142.26,144.66,147.36,146.46,143.16,142.02,132.84,143.64,169.74,185.58,185.7,182.76,184.5,179.94,183.48,175.5,165.48,145.08,138.66,147.78,149.16,148.26,142.44
7810699003 PAWTUCKET RED SOX,4/8/2019,1 Power Factor,Power Factor,84.551115,84.953182,85.97526500000001,85.694739,85.38597299999999,86.07700899999999,86.37140699999999,85.079534,86.488702,88.83275,91.455084,91.221714,91.693148,91.84501800000001,91.537191,90.529361,90.002179,88.45671,85.386487,85.181051,86.397091,85.52072,85.177933,85.282914
7810699003 PAWTUCKET RED SOX,4/8/2019,2 kVAh,kVAh,165.06,167.46,168.24,171.96,171.54,166.32,164.4,156.12,166.08,190.92,202.92,203.58,199.32,200.88,196.56,202.68,195.0,187.02,169.92,162.78,171.06,174.42,174.06,166.98
7810699003 PAWTUCKET RED SOX,4/9/2019,1 kWh,kWh,140.64,141.24,143.88,147.36,142.92,143.88,143.22,138.84,146.4,170.94,193.08,201.42,196.14,196.98,187.74,182.7,170.94,163.62,154.38,149.94,145.5,145.14,145.86,141.3
7810699003 PAWTUCKET RED SOX,4/9/2019,1 Power Factor,Power Factor,84.65317399999999,84.89164,85.39970799999999,85.271305,84.979713,85.63539499999999,85.962222,85.204419,86.888511,89.723256,91.28724100000001,91.977829,92.439346,91.74707,91.049578,90.087793,88.914828,88.407717,87.276973,86.322952,86.145861,85.45115899999999,85.20983000000001,85.209175
7810699003 PAWTUCKET RED SOX,4/9/2019,2 kVAh,kVAh,166.14,166.38,168.48,172.8,168.18,168.0,166.56,162.96,168.48,190.38,211.5,219.0,212.16,214.68,206.16,202.8,192.24,185.04,176.88,173.7,168.9,169.86,171.18,165.84
7810699003 PAWTUCKET RED SOX,4/10/2019,1 kWh,kWh,140.76,143.58,145.98,145.8,144.24,142.92,148.5,139.98,158.1,167.34,175.38,182.28,189.84,181.14,188.94,189.18,187.62,193.02,193.98,184.08,196.8,200.82,184.92,182.46
7810699003 PAWTUCKET RED SOX,4/10/2019,1 Power Factor,Power Factor,85.189747,85.435257,85.672678,84.99445300000001,85.250237,85.896837,86.726287,86.157289,88.574782,89.14614300000001,89.203112,89.509263,90.278657,89.931864,90.3342,89.905968,89.805495,90.184792,89.759182,89.97082900000001,91.773445,91.072159,89.794881,89.83766999999999
7810699003 PAWTUCKET RED SOX,4/10/2019,2 kVAh,kVAh,165.24,168.06,170.4,171.54,169.2,166.38,171.24,162.42,178.5,187.68,196.62,203.64,210.3,201.42,209.16,210.42,208.92,214.02,216.12,204.6,214.44,220.5,205.92,203.1
7810699003 PAWTUCKET RED SOX,4/11/2019,1 kWh,kWh,177.84,175.26,172.26,175.08,169.32,167.34,174.48,158.28,179.4,196.92,205.26,210.54,221.58,235.74,275.46,297.42,368.88,501.42,509.64,502.14,449.94,349.92,251.34,237.96
7810699003 PAWTUCKET RED SOX,4/11/2019,1 Power Factor,Power Factor,89.573727,89.125383,88.80169599999999,88.60775,88.688783,88.908528,89.232412,88.60911899999999,89.328408,90.79205,91.467153,91.40324,91.591666,92.78983000000001,93.394436,93.18979,94.97172900000001,98.399819,98.16314799999999,98.240126,98.231755,96.533705,92.96345600000001,92.512576
7810699003 PAWTUCKET RED SOX,4/11/2019,2 kVAh,kVAh,198.54,196.62,193.98,197.58,190.92,188.22,195.54,178.62,200.82,216.84,224.4,230.34,241.92,254.04,294.96,319.14,388.2,509.58,519.18,511.14,458.04,361.38,270.36,257.22
7810699003 PAWTUCKET RED SOX,4/12/2019,1 kWh,kWh,216.96,173.82,175.5,175.68,173.88,168.72,166.68,161.22,176.52,189.36,202.26,205.86,213.18,211.56,213.06,245.76,279.24,326.7,407.22,412.74,388.92,328.26,302.58,267.48
7810699003 PAWTUCKET RED SOX,4/12/2019,1 Power Factor,Power Factor,91.39671,88.18925300000001,88.824383,88.566867,88.73236899999999,89.046511,88.982025,89.01687199999999,89.858032,91.1398,92.306853,91.941051,91.455221,91.67959599999999,91.813748,92.762579,93.904708,95.648285,98.120021,98.145477,98.089017,97.50761,97.281525,95.56819399999999
7810699003 PAWTUCKET RED SOX,4/12/2019,2 kVAh,kVAh,237.18,197.1,197.58,198.36,195.96,189.48,187.32,181.14,196.44,207.72,219.12,223.86,233.1,230.76,232.08,264.9,297.36,340.74,415.02,420.54,396.48,336.6,311.04,278.7
7810699003 PAWTUCKET RED SOX,4/13/2019,1 kWh,kWh,153.48,138.24,136.32,136.38,133.38,132.66,137.94,158.7,158.1,182.88,228.3,275.28,273.48,271.2,256.26,222.72,177.18,162.66,153.78,131.76,128.04,127.26,124.86,125.58
7810699003 PAWTUCKET RED SOX,4/13/2019,1 Power Factor,Power Factor,86.40406800000001,84.55319200000001,85.256332,84.908496,84.74600600000001,85.068605,85.398099,86.324977,87.23469300000001,88.481802,91.73405699999999,93.588724,93.363466,93.253235,93.343259,91.066489,88.78287900000001,86.74868000000001,85.30285,82.5566,82.937915,82.148691,81.602439,81.632598
7810699003 PAWTUCKET RED SOX,4/13/2019,2 kVAh,kVAh,177.54,163.5,159.9,160.62,157.38,155.94,161.52,183.84,181.26,206.64,248.82,294.12,292.92,290.82,274.5,244.5,199.5,187.5,180.18,159.6,154.38,154.92,153.0,153.84
7810699003 PAWTUCKET RED SOX,4/14/2019,1 kWh,kWh,125.16,119.94,120.78,123.9,126.3,124.56,125.7,145.62,160.5,175.86,222.12,283.8,277.98,285.9,280.5,250.26,197.64,150.96,146.16,135.66,136.02,136.26,134.58,134.7
7810699003 PAWTUCKET RED SOX,4/14/2019,1 Power Factor,Power Factor,81.868133,81.593419,82.10911800000001,81.484425,81.87417099999999,81.758247,82.342327,85.210933,86.93074200000001,88.088643,91.40553,94.274519,93.74724300000001,93.709013,93.69863000000001,91.696235,89.368517,84.400467,83.649726,82.702451,84.299476,83.27811700000001,82.706277,82.535892
7810699003 PAWTUCKET RED SOX,4/14/2019,2 kVAh,kVAh,152.88,147.0,147.12,152.04,154.26,152.34,152.64,170.88,184.62,199.62,242.94,301.02,296.52,305.1,299.34,272.88,220.98,178.8,174.72,164.04,161.34,163.62,162.72,163.2
7810699003 PAWTUCKET RED SOX,4/15/2019,1 kWh,kWh,128.04,122.16,120.24,122.94,121.74,118.68,119.28,117.78,123.12,137.94,162.54,167.76,169.32,177.9,172.14,203.88,205.08,197.58,157.74,135.18,130.5,127.86,123.48,124.44
7810699003 PAWTUCKET RED SOX,4/15/2019,1 Power Factor,Power Factor,82.048675,80.791431,81.85904000000001,81.145772,80.83034599999999,80.965065,80.972236,81.157114,83.559616,85.651826,88.15381,87.352357,88.32560699999999,88.427811,89.21037199999999,90.115224,91.562946,91.344613,86.29007800000001,82.288575,83.206271,80.997582,80.985857,81.29862
7810699003 PAWTUCKET RED SOX,4/15/2019,2 kVAh,kVAh,156.06,151.2,146.88,151.5,150.6,146.58,147.3,145.14,147.36,160.98,184.38,192.06,191.7,201.18,192.96,225.84,223.98,216.3,182.46,164.28,156.78,157.86,152.46,153.06
7810699003 PAWTUCKET RED SOX,4/16/2019,1 kWh,kWh,123.3,120.84,122.7,122.64,122.22,120.06,118.02,119.94,138.72,155.82,163.14,185.22,195.9,185.1,226.98,274.14,287.7,293.76,360.84,402.72,380.58,308.22,205.56,165.84
7810699003 PAWTUCKET RED SOX,4/16/2019,1 Power Factor,Power Factor,81.674566,82.23362900000001,82.893469,81.955596,82.303151,82.790401,82.66677800000001,83.166186,86.687962,86.620504,87.714685,89.495938,89.948627,89.799598,91.988886,93.174823,93.61596899999999,93.990009,96.43878000000001,98.029253,98.262591,97.362742,91.055421,87.30551
7810699003 PAWTUCKET RED SOX,4/16/2019,2 kVAh,kVAh,150.96,146.94,148.02,149.64,148.5,145.02,142.74,144.18,160.02,179.88,186.0,206.88,217.8,206.1,246.48,294.24,307.32,312.54,373.38,410.82,387.3,316.44,224.34,189.9
7810699003 PAWTUCKET RED SOX,4/17/2019,1 kWh,kWh,148.5,142.2,142.26,142.74,141.0,142.68,137.94,137.7,152.34,179.4,187.2,189.36,188.52,194.22,197.34,215.58,264.0,269.46,334.5,413.22,386.64,335.88,212.82,164.52
7810699003 PAWTUCKET RED SOX,4/17/2019,1 Power Factor,Power Factor,84.636025,85.003638,85.556855,85.211173,85.083675,85.47668900000001,85.053838,85.25531600000001,87.42580500000001,89.21973100000001,89.385113,89.632478,89.849276,90.44427900000001,90.95733299999999,91.297965,92.87952800000001,93.231201,96.094227,98.163455,98.201705,97.973915,91.767004,88.109394
7810699003 PAWTUCKET RED SOX,4/17/2019,2 kVAh,kVAh,175.44,167.28,166.26,167.52,165.72,166.92,162.18,161.52,174.18,201.06,209.46,211.26,209.82,214.74,216.96,236.04,284.16,289.02,347.46,420.96,393.72,342.78,229.86,186.72
7810699003 PAWTUCKET RED SOX,4/18/2019,1 kWh,kWh,159.84,146.94,148.5,148.02,145.68,145.08,146.28,146.7,147.9,168.78,177.66,178.92,184.02,175.86,176.88,172.62,173.7,159.78,155.94,152.4,160.62,161.1,160.26,158.22
7810699003 PAWTUCKET RED SOX,4/18/2019,1 Power Factor,Power Factor,87.597444,86.079476,86.965685,86.593523,86.747957,86.879209,86.912155,86.887896,87.320064,89.058669,90.41428,89.82289300000001,89.451972,89.66078,89.990989,89.09588000000001,88.88553,87.41765500000001,86.660914,86.508716,87.633799,86.89501,86.974338,86.85773499999999
7810699003 PAWTUCKET RED SOX,4/18/2019,2 kVAh,kVAh,182.46,170.7,170.76,170.94,167.94,166.98,168.3,168.84,169.38,189.48,196.5,199.2,205.74,196.14,196.56,193.74,195.42,182.76,179.94,176.16,183.3,185.4,184.26,182.16
7810699003 PAWTUCKET RED SOX,4/19/2019,1 kWh,kWh,155.04,149.58,156.48,156.06,154.92,155.28,147.0,147.12,150.6,162.12,166.2,165.06,164.22,160.38,158.04,152.7,146.64,139.02,139.44,140.58,134.94,142.86,140.22,139.56
7810699003 PAWTUCKET RED SOX,4/19/2019,1 Power Factor,Power Factor,86.712528,86.305295,87.672809,87.017411,86.993957,87.463617,86.941322,86.79640699999999,86.800044,87.58155699999999,87.964395,87.724717,87.897215,87.868157,87.993951,86.803874,85.879288,84.345331,84.148241,84.395539,85.487988,84.60874799999999,84.21708199999999,84.368597
7810699003 PAWTUCKET RED SOX,4/19/2019,2 kVAh,kVAh,178.8,173.28,178.5,179.34,178.08,177.54,169.08,169.5,173.52,185.1,188.94,188.16,186.84,182.52,179.58,175.92,170.76,164.82,165.72,166.56,157.86,168.84,166.5,165.42
7810699003 PAWTUCKET RED SOX,4/20/2019,1 kWh,kWh,140.34,140.28,138.9,141.84,138.06,139.98,133.62,131.28,131.88,132.66,134.46,137.88,137.64,135.6,134.7,136.56,133.8,131.94,129.24,130.02,137.22,134.64,138.96,136.62
7810699003 PAWTUCKET RED SOX,4/20/2019,1 Power Factor,Power Factor,83.987376,84.074035,84.716461,84.096828,84.037391,83.97941,83.06699300000001,83.352716,83.890309,83.403348,84.409624,84.333409,84.312945,84.14415,84.458536,83.613062,83.58268100000001,83.581582,83.19811899999999,84.102514,85.47479799999999,84.296719,84.564833,84.147351
7810699003 PAWTUCKET RED SOX,4/20/2019,2 kVAh,kVAh,167.1,166.86,163.98,168.66,164.28,166.68,160.86,157.5,157.2,159.06,159.3,163.5,163.26,161.16,159.48,163.32,160.08,157.86,155.34,154.62,160.56,159.72,164.34,162.36
7810699003 PAWTUCKET RED SOX,4/21/2019,1 kWh,kWh,135.3,136.26,136.08,137.28,136.92,135.24,131.7,129.18,130.14,137.22,136.98,138.72,136.86,138.72,147.48,145.74,146.4,152.4,146.46,151.5,152.76,151.62,137.4,129.84
7810699003 PAWTUCKET RED SOX,4/21/2019,1 Power Factor,Power Factor,84.04819,84.20182199999999,84.65944,83.746262,83.744027,83.543228,82.83213,83.353268,83.93875200000001,83.438675,83.71945799999999,83.55400300000001,83.49573199999999,83.922101,85.054785,84.99484,84.484431,84.73357299999999,85.060328,85.944965,87.19302900000001,85.97412299999999,83.333229,81.229787
7810699003 PAWTUCKET RED SOX,4/21/2019,2 kVAh,kVAh,160.98,161.82,160.74,163.92,163.5,161.88,159.0,154.98,155.04,164.46,163.62,166.02,163.92,165.3,173.4,171.48,173.28,179.88,172.2,176.28,175.2,176.34,164.82,159.84
7810699003 PAWTUCKET RED SOX,4/22/2019,1 kWh,kWh,123.12,117.6,118.68,117.24,117.96,115.2,113.28,113.64,122.88,149.1,157.92,168.3,167.04,170.1,169.32,170.04,164.34,156.24,136.2,126.36,126.0,128.76,127.2,125.76
7810699003 PAWTUCKET RED SOX,4/22/2019,1 Power Factor,Power Factor,79.62575,79.671298,80.669358,80.378787,80.50166800000001,80.503647,80.41413299999999,80.531296,82.04333199999999,85.284817,87.167277,88.621306,88.213758,88.73102800000001,89.334632,89.118716,87.960275,86.76958,83.412584,82.11088199999999,82.940566,82.00310999999999,81.065949,81.15233
7810699003 PAWTUCKET RED SOX,4/22/2019,2 kVAh,kVAh,154.62,147.6,147.12,145.86,146.52,143.1,140.88,141.12,149.76,174.78,181.14,189.9,189.36,191.7,189.54,190.8,186.84,180.06,163.26,153.9,151.92,157.02,156.9,154.98
7810699003 PAWTUCKET RED SOX,4/23/2019,1 kWh,kWh,125.28,124.5,124.5,124.74,126.36,121.8,122.76,121.62,127.02,144.06,154.74,167.16,169.62,171.36,190.2,200.82,249.42,254.94,383.1,388.38,370.38,293.46,167.82,168.3
7810699003 PAWTUCKET RED SOX,4/23/2019,1 Power Factor,Power Factor,81.21511,81.054077,82.020161,81.46508299999999,81.564307,81.134629,81.315985,81.667569,83.555851,85.15508,85.171769,87.942351,87.965087,89.053315,90.202933,89.896694,92.090385,92.470935,97.824188,97.82565,97.857256,96.45679799999999,87.303826,86.677939
7810699003 PAWTUCKET RED SOX,4/23/2019,2 kVAh,kVAh,154.26,153.6,151.8,153.12,154.92,150.12,150.96,148.92,151.98,169.2,181.68,190.08,192.84,192.3,210.9,223.26,270.84,275.7,391.62,397.02,378.48,303.9,192.24,194.16
7810699003 PAWTUCKET RED SOX,4/24/2019,1 kWh,kWh,159.78,150.66,152.1,152.7,151.92,150.84,148.08,147.0,153.78,180.54,181.26,177.18,179.58,179.82,181.5,208.98,257.1,270.48,273.66,373.32,362.16,263.88,143.1,138.78
7810699003 PAWTUCKET RED SOX,4/24/2019,1 Power Factor,Power Factor,86.487944,85.90722199999999,86.883557,85.920518,86.266205,86.266099,86.32547,86.11787700000001,87.024576,88.892485,88.46813900000001,88.62078100000001,88.970539,89.012877,89.524254,90.532526,92.54519599999999,92.700866,92.740773,97.296805,97.760586,95.775912,83.30453,82.752961
7810699003 PAWTUCKET RED SOX,4/24/2019,2 kVAh,kVAh,184.74,175.38,175.08,177.72,176.1,174.84,171.54,170.7,176.7,203.1,204.9,199.92,201.84,202.02,202.74,230.52,277.74,291.78,295.08,383.58,370.44,274.68,171.78,167.7
7810699003 PAWTUCKET RED SOX,4/25/2019,1 kWh,kWh,129.0,121.5,121.68,122.64,120.9,120.6,136.86,147.3,153.42,206.28,227.22,249.42,250.56,240.42,230.28,188.58,160.74,151.62,152.82,147.0,143.22,142.26,142.5,140.88
7810699003 PAWTUCKET RED SOX,4/25/2019,1 Power Factor,Power Factor,81.510063,80.90075300000001,82.105046,81.369861,81.480624,81.809912,83.93349,85.688014,85.61074599999999,90.19715,91.439378,92.255611,92.205405,92.009876,92.10382,89.616175,86.895824,85.57106999999999,85.78559200000001,85.274303,85.021491,84.165756,83.98705600000001,84.155748
7810699003 PAWTUCKET RED SOX,4/25/2019,2 kVAh,kVAh,158.22,150.18,148.2,150.72,148.38,147.42,162.84,171.9,179.16,228.54,248.46,270.36,271.74,261.3,250.02,210.18,184.86,177.18,178.14,172.38,168.42,169.02,169.68,167.4
7810699003 PAWTUCKET RED SOX,4/26/2019,1 kWh,kWh,138.9,141.36,137.52,140.88,138.72,137.1,139.2,125.64,129.6,140.28,146.52,143.52,144.78,142.38,136.68,138.84,135.3,130.8,137.88,138.48,144.96,144.06,146.82,141.36
7810699003 PAWTUCKET RED SOX,4/26/2019,1 Power Factor,Power Factor,84.184996,84.01984399999999,84.855075,84.069128,84.168432,83.82511099999999,83.877039,83.799076,83.947663,85.886895,87.189083,86.696678,86.519356,86.192522,86.256485,84.486977,84.36444499999999,83.682529,84.05239399999999,84.565759,86.598977,85.720545,85.118912,85.207468
7810699003 PAWTUCKET RED SOX,4/26/2019,2 kVAh,kVAh,165.0,168.24,162.06,167.58,164.82,163.56,165.96,149.94,154.38,163.26,168.06,165.54,167.34,165.18,158.46,164.34,160.38,156.3,164.04,163.74,167.4,168.06,172.5,165.9
7810699003 PAWTUCKET RED SOX,4/27/2019,1 kWh,kWh,139.8,140.04,143.58,143.64,144.06,144.78,138.54,135.48,137.1,132.96,133.44,134.88,130.8,130.32,134.58,134.82,135.48,128.52,130.8,132.54,142.44,143.88,148.32,143.04
7810699003 PAWTUCKET RED SOX,4/27/2019,1 Power Factor,Power Factor,85.131478,85.4305,86.20217199999999,85.559341,85.111804,85.447262,84.849131,84.343503,84.418346,83.877575,83.856153,84.072476,83.78485400000001,84.017009,84.363715,83.58939000000001,83.504264,84.073112,84.42848599999999,84.913893,86.586403,85.644278,85.329797,85.416149
7810699003 PAWTUCKET RED SOX,4/27/2019,2 kVAh,kVAh,164.22,163.92,166.56,167.88,169.26,169.44,163.26,160.62,162.42,158.52,159.12,160.44,156.12,155.1,159.54,161.28,162.24,152.88,154.92,156.06,164.52,168.0,173.82,167.46
7810699003 PAWTUCKET RED SOX,4/28/2019,1 kWh,kWh,137.64,139.44,141.48,142.56,141.12,140.34,138.18,135.36,136.86,136.98,135.48,132.3,129.9,133.98,134.28,133.08,131.22,131.52,136.14,138.6,145.68,146.22,145.98,139.56
7810699003 PAWTUCKET RED SOX,4/28/2019,1 Power Factor,Power Factor,85.82049599999999,86.04204,86.218193,85.652955,85.61935799999999,85.738047,84.60651999999999,84.121574,84.35816,83.840233,84.128117,84.486091,84.443046,85.064011,84.910673,83.799599,83.890295,84.86285500000001,85.040977,85.355928,86.995798,85.632429,85.670467,85.711173
7810699003 PAWTUCKET RED SOX,4/28/2019,2 kVAh,kVAh,160.38,162.06,164.1,166.44,164.82,163.68,163.32,160.92,162.24,163.38,161.04,156.6,153.84,157.5,158.16,158.82,156.42,154.98,160.08,162.36,167.46,170.76,170.4,162.84
7810699003 PAWTUCKET RED SOX,4/29/2019,1 kWh,kWh,138.3,138.36,144.24,143.28,143.88,139.86,137.7,141.3,153.72,155.58,164.22,171.84,184.2,176.7,168.36,174.24,174.66,164.28,148.74,149.58,156.0,156.9,160.32,153.84
7810699003 PAWTUCKET RED SOX,4/29/2019,1 Power Factor,Power Factor,85.749934,85.91758100000001,85.798899,85.441035,85.27805,85.480412,85.57011700000001,86.798919,88.10306,87.4519,88.264287,90.06790699999999,90.646402,89.830277,90.000846,88.836366,87.999219,85.420461,83.412254,83.462645,84.85618000000001,83.949575,83.551637,83.734788
7810699003 PAWTUCKET RED SOX,4/29/2019,2 kVAh,kVAh,161.28,161.04,168.12,167.7,168.72,163.62,160.92,162.78,174.48,177.9,186.06,190.74,203.22,196.68,187.08,196.14,198.48,192.24,178.32,179.22,183.84,186.9,191.88,183.72
7810699003 PAWTUCKET RED SOX,4/30/2019,1 kWh,kWh,153.06,151.86,156.3,157.5,155.4,150.84,150.66,146.58,156.36,185.28,190.26,191.4,194.16,193.5,192.96,186.48,180.66,166.74,164.58,161.7,171.06,170.52,168.54,164.52
7810699003 PAWTUCKET RED SOX,4/30/2019,1 Power Factor,Power Factor,83.804384,83.641768,84.222163,83.490484,83.68338100000001,84.362637,84.027158,84.045309,85.583612,87.822843,87.527923,88.404356,87.789693,88.162288,89.034337,87.81978000000001,87.070371,85.957877,85.264852,85.49445300000001,86.89940899999999,85.96915899999999,85.744461,85.77016
7810699003 PAWTUCKET RED SOX,4/30/2019,2 kVAh,kVAh,182.64,181.56,185.58,188.64,185.7,178.8,179.28,174.42,182.7,210.84,217.38,216.48,221.16,219.48,216.72,212.34,207.48,193.98,193.02,189.12,196.86,198.36,196.56,191.82
7810699003 PAWTUCKET RED SOX,5/1/2019,1 kWh,kWh,162.66,161.04,166.62,166.68,166.92,161.46,156.9,157.98,162.3,165.42,172.98,176.46,176.52,179.46,181.14,175.44,174.6,161.04,164.04,160.5,167.16,167.1,165.48,159.24
7810699003 PAWTUCKET RED SOX,5/1/2019,1 Power Factor,Power Factor,86.201172,86.442527,86.70014,86.00938000000001,86.235281,86.526544,86.47393199999999,86.126628,86.41772900000001,86.397808,86.612748,86.763067,86.861681,87.002553,87.538338,87.546456,86.93876800000001,85.83666,85.440462,85.65406800000001,87.10127800000001,86.411209,86.08055,85.613086
7810699003 PAWTUCKET RED SOX,5/1/2019,2 kVAh,kVAh,188.7,186.3,192.18,193.8,193.56,186.6,181.44,183.42,187.8,191.46,199.74,203.4,203.22,206.28,206.94,200.4,200.82,187.62,192.0,187.38,191.94,193.38,192.24,186.0
7810699003 PAWTUCKET RED SOX,5/2/2019,1 kWh,kWh,159.72,161.64,159.54,162.06,163.8,160.8,155.94,149.94,161.46,169.98,176.22,177.72,178.32,177.48,178.92,177.42,171.84,165.24,165.3,168.06,168.24,169.38,166.38,165.6
7810699003 PAWTUCKET RED SOX,5/2/2019,1 Power Factor,Power Factor,85.211484,85.793521,86.166474,85.476111,85.744442,85.898599,85.829161,85.54719300000001,85.54986,85.532567,86.655571,87.842998,87.799329,87.77428499999999,87.999085,87.564992,86.688889,87.06846,86.50170200000001,86.444149,87.955617,87.18025300000001,86.897247,86.798295
7810699003 PAWTUCKET RED SOX,5/2/2019,2 kVAh,kVAh,187.44,188.4,185.16,189.6,191.04,187.2,181.68,175.26,188.82,198.72,203.34,202.32,203.1,202.2,203.34,202.62,198.24,189.78,191.1,194.4,191.28,194.28,191.46,190.8
7810699003 PAWTUCKET RED SOX,5/3/2019,1 kWh,kWh,161.4,164.22,171.06,173.82,171.6,160.74,154.08,149.34,161.16,172.98,178.74,179.58,182.34,186.0,204.84,295.68,349.02,482.88,472.8,451.44,396.36,306.66,232.08,172.98
7810699003 PAWTUCKET RED SOX,5/3/2019,1 Power Factor,Power Factor,86.99874399999999,87.19534,87.729674,87.497251,87.597768,86.93372600000001,86.704767,86.299309,87.65432,88.108509,88.370133,88.191185,88.266609,87.970786,89.34498599999999,93.058702,94.475594,97.929722,97.915561,97.5955,97.732287,96.70423199999999,90.558286,85.16456099999999
7810699003 PAWTUCKET RED SOX,5/3/2019,2 kVAh,kVAh,185.52,188.34,195.0,198.66,195.9,184.86,177.72,173.04,183.9,196.32,202.26,203.64,206.58,211.44,229.26,317.7,369.24,493.08,482.88,462.54,405.54,317.1,253.5,203.1
7810699003 PAWTUCKET RED SOX,5/4/2019,1 kWh,kWh,158.94,153.06,151.14,149.04,145.32,143.4,142.08,141.9,141.3,150.24,159.48,160.5,179.46,183.84,211.98,274.32,310.26,327.72,455.46,460.26,449.82,409.62,327.48,298.32
7810699003 PAWTUCKET RED SOX,5/4/2019,1 Power Factor,Power Factor,83.78003199999999,83.259316,84.760442,83.839688,84.126788,83.71203100000001,83.097245,83.072405,83.89214,84.067447,85.78880699999999,86.514816,88.05415500000001,88.887963,90.829657,93.233114,93.79593100000001,94.521389,97.902002,97.832088,97.936111,97.76594899999999,96.161804,96.693332
7810699003 PAWTUCKET RED SOX,5/4/2019,2 kVAh,kVAh,189.66,183.84,178.32,177.78,172.74,171.3,171.0,170.82,168.42,178.68,185.88,185.52,203.82,206.82,233.34,294.24,330.78,346.32,465.24,470.46,459.3,418.98,340.2,308.52
7810699003 PAWTUCKET RED SOX,5/5/2019,1 kWh,kWh,289.56,257.28,146.64,128.34,128.34,127.5,133.8,151.5,152.04,165.36,172.86,172.26,178.5,164.58,151.38,147.42,144.54,142.44,143.04,144.36,146.34,144.42,146.94,145.32
7810699003 PAWTUCKET RED SOX,5/5/2019,1 Power Factor,Power Factor,96.501029,95.276431,84.938281,81.11357199999999,80.96792099999999,81.257449,81.13810600000001,83.473586,84.727223,86.195454,88.105797,88.279368,87.283399,85.6143,85.698666,85.045158,84.203585,84.988353,84.599109,85.173171,86.306625,85.813918,85.39711700000001,85.133634
7810699003 PAWTUCKET RED SOX,5/5/2019,2 kVAh,kVAh,300.06,269.28,172.62,158.22,158.52,156.9,164.88,181.5,179.46,191.7,196.2,195.12,204.48,192.18,176.64,173.34,171.66,167.58,169.08,169.5,169.56,168.3,172.08,170.7
7810699003 PAWTUCKET RED SOX,5/6/2019,1 kWh,kWh,144.48,144.54,144.84,148.38,145.86,147.96,146.28,146.88,152.4,165.66,188.58,173.52,174.54,177.66,172.2,168.84,165.78,154.38,147.72,146.46,147.78,150.54,146.88,148.68
7810699003 PAWTUCKET RED SOX,5/6/2019,1 Power Factor,Power Factor,85.241282,85.30901899999999,85.45808199999999,85.04663599999999,85.05904699999999,85.358102,85.56981800000001,86.198337,87.46391700000001,88.242474,90.52715500000001,89.618297,89.28880699999999,88.926856,90.192135,89.13326500000001,88.473714,87.339579,85.631436,85.208414,86.575567,85.432029,84.64678599999999,85.384249
7810699003 PAWTUCKET RED SOX,5/6/2019,2 kVAh,kVAh,169.5,169.44,169.5,174.48,171.48,173.34,170.94,170.4,174.24,187.68,208.32,193.62,195.48,199.8,190.92,189.42,187.38,176.76,172.5,171.9,170.7,176.22,173.52,174.12
7810699003 PAWTUCKET RED SOX,5/7/2019,1 kWh,kWh,151.26,150.78,146.76,151.2,152.04,151.86,150.96,149.16,153.36,165.72,162.78,165.9,172.32,172.98,169.44,169.98,166.44,154.98,142.14,139.5,143.34,142.62,141.6,141.12
7810699003 PAWTUCKET RED SOX,5/7/2019,1 Power Factor,Power Factor,84.854528,85.328675,85.618236,85.337983,85.4127,85.854202,85.84473100000001,86.176877,87.14601800000001,86.96205,86.3971,86.929902,87.852034,88.325429,88.88809,87.824765,87.637321,85.95305400000001,84.854551,85.290727,86.119487,85.137299,84.378512,84.389978
7810699003 PAWTUCKET RED SOX,5/7/2019,2 kVAh,kVAh,178.26,176.7,171.42,177.18,178.02,176.88,175.86,173.1,175.98,190.56,188.4,190.86,196.14,195.84,190.62,193.56,189.9,180.3,167.52,163.56,166.44,167.52,167.82,167.22
7810699003 PAWTUCKET RED SOX,5/8/2019,1 kWh,kWh,142.26,142.44,139.44,140.04,140.94,138.6,136.92,136.14,139.5,145.74,156.42,163.38,166.44,165.48,165.66,159.0,159.54,146.34,134.4,131.7,135.06,137.04,132.3,132.24
7810699003 PAWTUCKET RED SOX,5/8/2019,1 Power Factor,Power Factor,84.048284,84.15287099999999,84.919028,84.049423,84.37164,84.28015400000001,84.487957,84.9209,85.84773,86.71884,87.522449,88.011023,88.151264,88.285781,88.380186,87.31411700000001,86.581061,84.328418,82.478215,83.270537,85.116501,84.09708,83.520433,83.265465
7810699003 PAWTUCKET RED SOX,5/8/2019,2 kVAh,kVAh,169.26,169.26,164.22,166.62,167.04,164.46,162.06,160.32,162.48,168.06,178.68,185.64,188.82,187.44,187.44,182.1,184.26,173.52,162.96,158.16,158.7,162.96,158.4,158.82
7810699003 PAWTUCKET RED SOX,5/9/2019,1 kWh,kWh,130.56,134.16,131.34,132.48,132.42,133.86,130.56,130.08,135.12,145.86,155.22,170.04,166.98,167.34,169.8,162.0,161.82,145.74,139.14,138.06,138.24,137.94,137.82,137.16
7810699003 PAWTUCKET RED SOX,5/9/2019,1 Power Factor,Power Factor,83.695236,83.871948,84.372072,83.923353,84.10515799999999,84.471242,84.46610799999999,84.03336,85.094617,85.927351,87.741045,88.790212,88.773811,88.85570899999999,88.76516600000001,87.975902,86.806074,84.943777,84.35772,84.31910400000001,85.484251,84.36345899999999,84.447878,84.386426
7810699003 PAWTUCKET RED SOX,5/9/2019,2 kVAh,kVAh,156.0,159.96,155.7,157.86,157.44,158.46,154.56,154.8,158.76,169.74,176.88,191.52,188.1,188.34,191.28,184.14,186.42,171.6,164.94,163.74,161.7,163.5,163.2,162.54
7810699003 PAWTUCKET RED SOX,5/10/2019,1 kWh,kWh,137.46,139.62,139.68,140.16,140.76,136.98,136.56,134.76,141.24,145.08,154.14,153.72,153.06,150.48,149.88,152.22,148.14,131.16,118.68,117.18,118.86,118.44,122.16,116.64
7810699003 PAWTUCKET RED SOX,5/10/2019,1 Power Factor,Power Factor,84.287077,84.775622,85.749888,84.604759,85.12326800000001,85.056811,85.113196,85.453618,86.449464,86.504817,86.918056,87.29100799999999,86.83873100000001,87.022143,87.41128499999999,85.679456,85.19682900000001,82.625792,79.90998,79.640612,81.667301,80.313323,80.569559,79.895351
7810699003 PAWTUCKET RED SOX,5/10/2019,2 kVAh,kVAh,163.08,164.7,162.9,165.66,165.36,161.04,160.44,157.68,163.38,167.7,177.36,176.1,176.28,172.92,171.48,177.66,173.88,158.64,148.5,147.12,145.56,147.48,151.62,145.98
7810699003 PAWTUCKET RED SOX,5/11/2019,1 kWh,kWh,114.72,113.34,116.1,115.2,115.26,114.78,112.14,106.32,111.96,110.58,113.94,114.48,114.54,110.1,111.9,109.14,110.1,112.2,115.38,115.2,118.32,116.34,117.6,114.0
7810699003 PAWTUCKET RED SOX,5/11/2019,1 Power Factor,Power Factor,80.096991,80.043945,81.359616,80.573646,80.544985,80.58494300000001,79.498042,79.66730600000001,80.092487,79.05603599999999,80.567236,80.382058,80.607854,79.782859,80.67331,79.637716,79.712323,79.78278,79.653275,80.201899,81.384152,79.92197900000001,79.61209699999999,79.457155
7810699003 PAWTUCKET RED SOX,5/11/2019,2 kVAh,kVAh,143.22,141.6,142.74,142.98,143.1,142.44,141.06,133.44,139.8,139.86,141.42,142.44,142.08,138.0,138.72,137.04,138.12,140.64,144.84,143.64,145.38,145.56,147.72,143.46
7810699003 PAWTUCKET RED SOX,5/12/2019,1 kWh,kWh,115.32,112.62,114.78,112.62,115.68,116.34,111.36,106.74,109.2,111.3,113.52,114.66,125.04,119.7,120.9,118.62,118.26,119.64,120.24,118.08,124.44,126.9,128.34,123.12
7810699003 PAWTUCKET RED SOX,5/12/2019,1 Power Factor,Power Factor,79.025137,79.70370799999999,80.40401999999999,79.128069,79.372289,79.4673,79.15465,79.13457199999999,79.51140500000001,79.235066,79.93887,80.600032,81.387924,80.96576,82.213766,81.202799,81.11329599999999,81.621095,81.077712,81.922476,83.423351,82.521043,82.016233,81.985355
7810699003 PAWTUCKET RED SOX,5/12/2019,2 kVAh,kVAh,145.92,141.3,142.8,142.32,145.74,146.4,140.7,134.88,137.34,140.46,141.96,142.26,153.6,147.84,147.06,146.1,145.8,146.58,148.32,144.12,149.16,153.78,156.48,150.18
7810699003 PAWTUCKET RED SOX,5/13/2019,1 kWh,kWh,127.32,133.68,140.16,140.4,138.96,134.1,123.0,122.16,134.76,144.36,158.28,163.08,167.46,173.04,167.1,157.2,154.2,147.12,130.44,128.76,131.16,131.64,132.3,130.62
7810699003 PAWTUCKET RED SOX,5/13/2019,1 Power Factor,Power Factor,83.278888,82.581637,83.640332,82.91766700000001,83.369755,83.520014,83.839069,83.750991,85.333866,84.48618499999999,85.97373499999999,86.450703,86.431058,86.608452,87.746783,87.535083,87.383038,85.44336700000001,82.383494,82.500314,83.699528,82.486576,81.922476,82.548027
7810699003 PAWTUCKET RED SOX,5/13/2019,2 kVAh,kVAh,152.88,161.88,167.58,169.32,166.68,160.56,146.7,145.86,157.92,170.88,184.08,188.64,193.74,199.8,190.44,179.58,176.46,172.14,158.34,156.06,156.72,159.6,161.52,158.22
7810699003 PAWTUCKET RED SOX,5/14/2019,1 kWh,kWh,125.82,126.66,129.48,130.32,131.04,129.3,129.78,124.68,140.64,152.4,169.62,188.4,178.32,183.6,187.68,231.0,293.88,367.92,445.74,442.38,405.36,355.2,214.86,174.3
7810699003 PAWTUCKET RED SOX,5/14/2019,1 Power Factor,Power Factor,82.084467,81.820686,82.749437,82.145984,82.32845,82.75419000000001,83.32207,82.984187,84.340012,85.745762,87.580859,88.974994,88.272966,88.700162,89.785288,91.125426,93.31806800000001,96.40225600000001,98.215376,98.074588,97.927531,97.645424,91.184863,87.925104
7810699003 PAWTUCKET RED SOX,5/14/2019,2 kVAh,kVAh,153.3,154.8,156.48,158.64,159.18,156.24,155.76,150.24,166.74,177.72,193.62,211.74,201.96,207.0,209.04,253.08,314.82,380.94,453.84,451.08,413.94,363.72,233.82,198.24
7810699003 PAWTUCKET RED SOX,5/15/2019,1 kWh,kWh,171.84,164.46,164.46,165.36,162.12,160.26,154.8,152.52,160.68,179.04,189.78,195.72,196.44,209.76,227.1,269.76,316.56,326.76,353.52,425.46,391.92,353.64,307.62,298.62
7810699003 PAWTUCKET RED SOX,5/15/2019,1 Power Factor,Power Factor,87.222813,86.739971,87.712907,87.158393,87.277098,87.402417,87.722629,87.354244,88.202345,88.403896,89.781289,90.163246,89.94941,90.66678,92.093357,92.85878100000001,93.98015500000001,94.391428,95.270013,97.967303,98.091099,97.77403000000001,97.397636,97.301856
7810699003 PAWTUCKET RED SOX,5/15/2019,2 kVAh,kVAh,196.98,189.6,187.5,189.72,185.76,183.36,176.46,174.6,182.16,202.5,211.38,217.08,218.4,231.3,246.6,290.4,336.84,346.14,371.04,434.28,399.54,361.68,315.84,306.9
7810699003 PAWTUCKET RED SOX,5/16/2019,1 kWh,kWh,168.12,143.7,141.6,141.54,143.4,143.04,155.46,168.78,204.96,261.9,279.6,294.36,292.62,266.7,221.88,191.58,175.02,164.34,152.94,148.26,145.56,146.1,144.0,142.14
7810699003 PAWTUCKET RED SOX,5/16/2019,1 Power Factor,Power Factor,87.687836,85.11771800000001,86.10334300000001,85.226292,85.11656500000001,85.419077,86.307505,88.15597199999999,90.53689200000001,92.759034,93.307322,93.62467,93.27503399999999,92.546555,91.609263,89.569255,87.56709000000001,86.40467,84.94578100000001,84.303162,85.48022399999999,84.872242,84.623127,84.487725
7810699003 PAWTUCKET RED SOX,5/16/2019,2 kVAh,kVAh,191.22,168.84,164.46,166.08,168.48,167.46,180.12,191.46,225.96,282.3,299.64,314.4,313.68,288.18,241.98,213.9,199.86,190.2,180.0,175.86,170.28,172.14,170.16,168.24
7810699003 PAWTUCKET RED SOX,5/17/2019,1 kWh,kWh,144.36,143.28,141.18,144.66,141.36,148.8,146.64,129.12,135.54,150.96,160.08,159.84,170.82,173.58,187.5,259.98,314.1,457.02,466.92,452.16,393.42,353.34,273.6,258.0
7810699003 PAWTUCKET RED SOX,5/17/2019,1 Power Factor,Power Factor,84.80470600000001,84.86277,85.101621,84.501824,84.840424,85.21840999999999,85.155765,83.495616,83.779887,84.46641899999999,85.925459,86.719145,88.006776,88.33255600000001,89.77866,92.407165,93.39493399999999,97.68048399999999,97.407395,97.436704,97.284148,96.442285,94.958093,94.900258
7810699003 PAWTUCKET RED SOX,5/17/2019,2 kVAh,kVAh,170.22,168.84,165.9,171.18,166.62,174.6,172.2,154.62,161.82,178.68,186.3,184.32,194.1,196.5,208.8,281.16,336.24,467.88,479.34,464.04,404.4,366.3,288.12,271.86
7810699003 PAWTUCKET RED SOX,5/18/2019,1 kWh,kWh,172.98,143.22,137.22,133.14,134.88,132.96,130.68,130.26,137.4,158.58,180.18,178.2,188.16,187.02,196.38,282.36,329.7,385.02,403.92,501.54,468.24,372.84,322.74,301.74
7810699003 PAWTUCKET RED SOX,5/18/2019,1 Power Factor,Power Factor,84.146761,80.75075799999999,82.105028,80.89600300000001,81.06843,81.258535,80.998403,81.08138100000001,83.066905,84.305902,86.48850300000001,86.86109599999999,87.305086,87.38372199999999,88.433654,92.151442,92.91834200000001,94.603571,94.495728,97.333201,97.447092,95.81822199999999,95.707769,95.37543000000001
7810699003 PAWTUCKET RED SOX,5/18/2019,2 kVAh,kVAh,203.64,177.36,167.16,164.58,166.38,163.62,161.34,160.62,165.42,187.98,208.32,205.08,215.52,214.02,222.0,306.06,354.78,406.98,427.44,515.28,480.48,388.8,337.14,316.38
7810699003 PAWTUCKET RED SOX,5/19/2019,1 kWh,kWh,292.86,193.32,149.4,144.12,139.62,137.4,145.38,161.4,167.76,189.06,264.42,316.2,334.8,344.88,326.82,282.66,203.16,186.48,169.5,160.74,139.92,141.72,138.72,143.64
7810699003 PAWTUCKET RED SOX,5/19/2019,1 Power Factor,Power Factor,95.538045,86.55559699999999,82.78538499999999,81.6632,81.019995,81.43619,81.915175,83.17858299999999,84.582486,87.251827,91.602599,93.523211,93.23204100000001,93.246351,92.38971,90.189433,87.453113,86.241937,85.059669,84.300543,83.126398,82.272953,81.521693,81.678878
7810699003 PAWTUCKET RED SOX,5/19/2019,2 kVAh,kVAh,306.54,220.56,180.48,176.46,172.32,168.72,177.48,194.04,198.3,216.6,288.66,338.04,359.1,369.84,353.7,313.32,232.2,216.24,199.26,190.62,168.3,172.26,170.16,175.86
7810699003 PAWTUCKET RED SOX,5/20/2019,1 kWh,kWh,140.7,145.26,144.6,144.48,145.02,140.22,136.38,136.74,136.44,158.52,177.78,183.12,196.5,197.04,190.32,189.0,193.68,170.64,155.46,142.86,147.54,149.1,140.82,138.96
7810699003 PAWTUCKET RED SOX,5/20/2019,1 Power Factor,Power Factor,81.699285,81.76014,82.258085,81.958671,81.990212,82.143527,81.90788,81.336226,82.544315,84.833802,85.100094,85.330472,87.157455,87.041162,86.509198,84.60744,83.85050799999999,81.52519699999999,80.10740799999999,79.855494,81.841411,80.55099,81.122438,81.237264
7810699003 PAWTUCKET RED SOX,5/20/2019,2 kVAh,kVAh,172.2,177.66,175.8,176.28,176.88,170.7,166.5,168.12,165.3,186.84,208.92,214.62,225.48,226.38,219.96,223.44,230.94,209.28,194.04,178.92,180.24,185.1,173.58,171.06
7810699003 PAWTUCKET RED SOX,5/21/2019,1 kWh,kWh,138.48,135.3,132.06,132.9,129.9,134.1,133.32,132.24,147.0,144.54,144.12,149.4,148.14,143.28,144.48,141.96,133.86,123.78,129.12,128.46,131.28,131.04,129.36,126.66
7810699003 PAWTUCKET RED SOX,5/21/2019,1 Power Factor,Power Factor,81.268997,81.621998,82.061663,81.494076,81.26438,81.627963,82.910678,83.449049,85.941982,84.497067,84.400015,85.162738,84.840568,85.226337,85.181174,84.291515,82.443988,80.488646,80.23772,80.793633,82.681564,82.15708000000001,81.388947,81.441671
7810699003 PAWTUCKET RED SOX,5/21/2019,2 kVAh,kVAh,170.4,165.78,160.92,163.08,159.84,164.28,160.8,158.46,171.06,171.0,170.76,175.44,174.6,168.12,169.62,168.42,162.36,153.78,160.92,159.0,158.76,159.48,158.94,155.52
7810699003 PAWTUCKET RED SOX,5/22/2019,1 kWh,kWh,127.5,127.56,127.44,127.74,124.74,128.28,123.36,121.62,125.28,134.16,145.56,151.38,150.54,156.36,167.88,164.94,158.1,148.26,138.18,136.98,143.82,142.38,139.56,139.38
7810699003 PAWTUCKET RED SOX,5/22/2019,1 Power Factor,Power Factor,81.60457199999999,81.362189,81.817065,81.917475,81.97197299999999,82.266047,82.134176,81.400677,82.133361,83.462964,83.606685,84.903418,84.47815200000001,84.91941,86.62583199999999,87.295755,85.64755799999999,83.45065699999999,82.305454,82.475351,84.55271,83.383971,82.89268,82.820239
7810699003 PAWTUCKET RED SOX,5/22/2019,2 kVAh,kVAh,156.24,156.78,155.76,155.94,152.16,155.94,150.18,149.4,152.52,160.74,174.12,178.26,178.2,184.14,193.8,188.94,184.56,177.66,167.88,166.08,170.1,170.76,168.36,168.3
7810699003 PAWTUCKET RED SOX,5/23/2019,1 kWh,kWh,140.94,134.46,132.6,132.42,135.72,134.28,130.38,128.58,133.02,141.0,152.7,161.64,161.34,170.34,168.3,157.62,155.46,139.02,133.86,133.86,143.22,143.34,136.14,136.32
7810699003 PAWTUCKET RED SOX,5/23/2019,1 Power Factor,Power Factor,82.921348,83.062804,83.739897,83.15687,83.470536,83.166064,83.510583,83.319255,83.830609,83.684236,84.772386,85.574368,85.666376,85.85038399999999,86.441177,85.678547,84.83788,82.668697,81.927323,81.769624,83.697926,82.530958,82.239797,81.78630799999999
7810699003 PAWTUCKET RED SOX,5/23/2019,2 kVAh,kVAh,169.98,161.88,158.34,159.24,162.6,161.46,156.12,154.32,158.7,168.48,180.12,188.88,188.34,198.42,194.7,183.96,183.24,168.12,163.38,163.68,171.12,173.64,165.54,166.68
7810699003 PAWTUCKET RED SOX,5/24/2019,1 kWh,kWh,139.02,139.56,135.24,132.66,130.56,130.92,128.76,135.96,141.54,151.08,160.02,156.54,159.0,159.78,165.72,167.88,156.18,133.74,129.06,128.88,132.12,130.74,128.76,126.96
7810699003 PAWTUCKET RED SOX,5/24/2019,1 Power Factor,Power Factor,81.382878,81.61620400000001,82.505156,81.91879499999999,82.142395,82.269521,82.151073,81.728114,82.87543199999999,83.313769,84.123424,83.726275,83.828079,83.871071,84.692515,84.036447,82.30442,79.975972,78.986071,79.030241,80.989475,79.985591,79.80993000000001,79.55119
7810699003 PAWTUCKET RED SOX,5/24/2019,2 kVAh,kVAh,170.82,171.0,163.92,161.94,158.94,159.12,156.72,166.32,170.76,181.32,190.2,187.02,189.66,190.5,195.66,199.74,189.72,167.22,163.38,163.08,163.14,163.44,161.34,159.6
7810699003 PAWTUCKET RED SOX,5/25/2019,1 kWh,kWh,127.32,126.42,126.54,125.76,125.76,126.66,137.1,141.24,143.4,145.62,152.64,158.34,197.1,208.92,265.56,312.84,329.76,351.84,385.14,459.48,456.6,408.12,332.4,313.74
7810699003 PAWTUCKET RED SOX,5/25/2019,1 Power Factor,Power Factor,79.863104,79.7572,81.528233,81.14318100000001,81.11586899999999,80.78814,81.953929,83.176395,83.97346,82.298001,82.907785,84.227271,87.70355500000001,87.344274,90.868588,91.577128,92.253592,93.600461,94.236244,96.949021,97.155546,96.965408,96.531938,96.245266
7810699003 PAWTUCKET RED SOX,5/25/2019,2 kVAh,kVAh,159.42,158.52,155.22,154.98,155.04,156.78,167.16,169.8,170.82,176.94,184.14,187.92,224.7,239.16,292.08,341.58,357.36,375.9,408.36,473.94,469.98,420.84,344.34,325.98
7810699003 PAWTUCKET RED SOX,5/26/2019,1 kWh,kWh,298.74,196.68,132.3,131.16,128.34,128.16,121.68,135.36,133.2,138.72,137.76,133.02,153.54,154.14,152.28,149.28,152.28,149.7,137.76,141.24,142.44,140.76,145.86,137.34
7810699003 PAWTUCKET RED SOX,5/26/2019,1 Power Factor,Power Factor,96.248637,86.952943,79.984147,79.203862,79.100555,78.585704,77.429356,79.517337,80.687078,81.368937,80.996131,79.52319399999999,80.21766600000001,80.35259,81.240252,80.099665,80.334576,79.754193,79.21923699999999,79.51349499999999,80.73558,79.627557,79.344685,78.776145
7810699003 PAWTUCKET RED SOX,5/26/2019,2 kVAh,kVAh,310.38,222.6,165.42,165.6,162.24,163.08,157.14,170.22,165.06,170.46,170.1,167.28,191.46,191.82,187.44,186.36,189.54,187.68,173.88,177.6,176.4,176.76,183.84,174.3
7810699003 PAWTUCKET RED SOX,5/27/2019,1 kWh,kWh,138.3,131.46,138.0,135.06,130.68,129.6,133.98,134.7,131.4,140.94,142.14,146.4,142.26,144.24,139.02,143.76,138.0,132.6,133.8,129.3,136.74,141.42,147.54,149.16
7810699003 PAWTUCKET RED SOX,5/27/2019,1 Power Factor,Power Factor,79.04974,78.356589,79.405621,78.83731800000001,78.737199,78.346907,78.318876,78.44322199999999,79.089325,79.22276,79.71367099999999,79.685807,79.509393,79.862586,79.699056,79.037975,78.636562,77.794525,77.65602700000001,77.381465,78.93701999999999,79.97756600000001,80.84379399999999,80.144235
7810699003 PAWTUCKET RED SOX,5/27/2019,2 kVAh,kVAh,174.96,167.76,173.76,171.3,165.96,165.42,171.06,171.72,166.14,177.9,178.32,183.72,178.92,180.6,174.42,181.86,175.5,170.46,172.32,167.1,173.22,176.82,182.46,186.12
7810699003 PAWTUCKET RED SOX,5/28/2019,1 kWh,kWh,141.36,134.16,129.36,128.22,123.96,123.42,119.52,116.4,129.36,155.46,158.64,162.54,179.4,190.02,238.26,257.1,202.56,172.68,153.06,141.66,136.86,136.98,134.52,137.76
7810699003 PAWTUCKET RED SOX,5/28/2019,1 Power Factor,Power Factor,80.62369100000001,79.653686,79.015591,79.11426999999999,79.000633,78.92960500000001,79.228541,79.801161,81.445813,85.136167,85.736189,86.108624,86.93888299999999,87.363479,90.094639,89.868879,85.942196,83.838796,80.781276,79.356075,80.949679,80.290918,80.074302,80.667648
7810699003 PAWTUCKET RED SOX,5/28/2019,2 kVAh,kVAh,175.32,168.36,163.74,162.06,156.9,156.36,150.84,145.86,158.82,182.52,185.04,188.76,206.4,217.5,264.24,285.78,235.68,205.86,189.42,178.5,169.08,170.58,168.0,170.76
7810699003 PAWTUCKET RED SOX,5/29/2019,1 kWh,kWh,132.72,129.84,131.7,133.32,128.76,131.4,126.84,125.94,135.54,148.44,159.96,179.58,179.4,207.96,253.5,281.94,280.08,350.82,426.96,401.52,370.86,311.28,199.92,177.48
7810699003 PAWTUCKET RED SOX,5/29/2019,1 Power Factor,Power Factor,80.73618499999999,81.046285,82.110323,81.813041,81.56848000000001,81.73826600000001,81.619059,81.734321,83.03537800000001,84.921899,85.55551899999999,87.465283,87.970396,89.701604,91.829251,92.881339,92.831702,95.40784000000001,97.626989,97.666267,97.536829,95.204061,89.522009,86.51416800000001
7810699003 PAWTUCKET RED SOX,5/29/2019,2 kVAh,kVAh,164.4,160.2,160.38,162.96,157.86,160.74,155.4,154.08,163.2,174.78,186.96,205.32,203.94,231.72,276.06,303.54,301.68,366.84,437.34,411.12,380.22,325.14,223.32,204.96
7810699003 PAWTUCKET RED SOX,5/30/2019,1 kWh,kWh,153.72,136.92,134.04,134.58,133.68,135.12,141.72,157.92,198.84,265.02,285.36,306.9,298.5,251.04,213.48,199.44,182.64,174.96,165.06,153.06,152.1,153.9,145.68,144.6
7810699003 PAWTUCKET RED SOX,5/30/2019,1 Power Factor,Power Factor,83.62389499999999,82.113872,82.434564,82.283837,82.063161,82.851322,83.730362,85.49344,89.143067,91.517073,92.43665,92.478137,91.787605,90.584776,89.222158,87.342239,85.84291400000001,84.768827,84.017931,83.73791899999999,84.867824,84.205432,82.66771899999999,82.790938
7810699003 PAWTUCKET RED SOX,5/30/2019,2 kVAh,kVAh,183.66,166.74,162.6,163.56,162.9,163.08,169.26,184.62,222.78,289.44,308.7,331.86,325.2,277.02,239.28,228.3,212.76,206.4,196.44,182.82,179.22,182.76,176.22,174.66
7810699003 PAWTUCKET RED SOX,5/31/2019,1 kWh,kWh,146.34,139.32,131.52,129.78,131.1,129.3,126.18,133.92,149.16,163.56,180.96,185.34,193.02,199.2,213.0,271.02,337.38,375.9,430.92,480.0,441.96,392.34,245.16,194.04
7810699003 PAWTUCKET RED SOX,5/31/2019,1 Power Factor,Power Factor,82.87387700000001,82.420733,82.491618,81.71065300000001,81.68438499999999,81.565738,82.052127,82.260758,83.879028,84.05168,85.52758299999999,85.907629,87.290461,87.650359,87.968701,89.643506,91.757023,92.395791,94.37224599999999,96.340862,96.287992,95.616888,88.94259100000001,84.000286
7810699003 PAWTUCKET RED SOX,5/31/2019,2 kVAh,kVAh,176.58,169.02,159.42,158.82,160.5,158.52,153.78,162.78,177.84,194.58,211.62,215.76,221.04,227.28,242.1,302.22,367.68,406.68,456.0,498.24,459.0,410.28,273.18,231.0
7810699003 PAWTUCKET RED SOX,6/1/2019,1 kWh,kWh,178.26,166.38,160.5,155.76,154.2,152.52,152.76,149.94,157.92,171.96,194.58,192.0,197.82,205.62,216.84,270.36,351.42,379.56,409.44,487.98,459.48,358.32,342.54,333.06
7810699003 PAWTUCKET RED SOX,6/1/2019,1 Power Factor,Power Factor,82.878823,82.54714,83.07332099999999,82.648957,82.528664,82.26400500000001,82.028723,82.41391800000001,83.825135,84.381252,86.744936,85.323223,86.038574,86.474638,87.276569,89.18997399999999,91.955729,92.507,92.653533,95.830017,96.178907,94.29023000000001,95.420802,95.476251
7810699003 PAWTUCKET RED SOX,6/1/2019,2 kVAh,kVAh,215.04,201.54,193.2,188.46,186.84,185.4,186.24,181.92,188.4,203.76,224.28,225.06,229.92,237.78,248.46,302.82,381.96,410.16,441.9,509.1,477.72,379.56,358.98,348.84
7810699003 PAWTUCKET RED SOX,6/2/2019,1 kWh,kWh,197.34,178.8,166.86,166.68,164.28,162.42,164.4,172.32,179.28,192.36,279.3,313.68,338.82,342.18,330.18,290.1,225.0,208.14,189.6,188.04,177.12,174.66,172.5,174.12
7810699003 PAWTUCKET RED SOX,6/2/2019,1 Power Factor,Power Factor,85.22733000000001,83.97103100000001,83.970001,82.92347,82.717741,83.125069,82.77954799999999,83.9762,84.621576,84.991573,90.620938,91.480317,91.330836,91.212401,90.37428299999999,88.336023,85.89076899999999,84.317437,83.37618,83.35991700000001,84.68498199999999,84.44462,83.92178,83.221017
7810699003 PAWTUCKET RED SOX,6/2/2019,2 kVAh,kVAh,231.12,212.94,198.72,201.0,198.6,195.42,198.6,205.2,211.86,226.32,308.16,342.9,370.98,375.12,365.28,328.38,261.9,246.84,227.4,225.6,209.16,206.88,205.56,209.22
7810699003 PAWTUCKET RED SOX,6/3/2019,1 kWh,kWh,166.26,155.34,150.9,151.44,147.3,147.36,141.6,144.0,149.94,167.34,184.14,183.9,191.94,195.12,199.26,222.54,269.1,293.22,331.74,409.14,376.8,318.96,310.62,298.26
7810699003 PAWTUCKET RED SOX,6/3/2019,1 Power Factor,Power Factor,82.567189,82.033816,82.89600300000001,82.375266,82.437149,82.472065,82.983288,82.86554699999999,84.36831600000001,85.966636,87.52298499999999,87.105537,86.745143,86.83699200000001,87.399936,88.616185,90.390253,91.219555,92.333839,96.301239,96.240698,95.957986,95.94150400000001,95.834603
7810699003 PAWTUCKET RED SOX,6/3/2019,2 kVAh,kVAh,201.36,189.36,182.04,183.84,178.68,178.68,170.64,173.76,177.72,194.64,210.42,211.14,221.28,224.7,228.0,250.8,297.72,321.36,359.28,424.74,391.5,332.4,323.76,311.22
7810699003 PAWTUCKET RED SOX,6/4/2019,1 kWh,kWh,249.42,163.86,143.88,142.62,138.48,137.28,149.16,162.6,177.18,241.38,278.58,292.62,295.68,267.48,203.22,195.3,185.88,178.62,168.0,159.12,157.26,156.78,153.06,153.18
7810699003 PAWTUCKET RED SOX,6/4/2019,1 Power Factor,Power Factor,92.41037,83.51561099999999,82.52180600000001,82.024594,82.25148100000001,82.129767,84.160717,85.792126,87.07735600000001,90.59184300000001,91.904473,91.399141,91.332798,89.698719,86.78634100000001,85.280725,84.482295,83.157783,81.22014,81.530715,82.632196,82.112983,81.320655,81.642543
7810699003 PAWTUCKET RED SOX,6/4/2019,2 kVAh,kVAh,268.44,196.02,174.36,173.88,168.36,167.16,177.24,189.54,203.22,266.4,303.12,320.16,323.76,298.08,234.06,229.02,220.02,214.74,206.82,195.18,190.32,190.92,188.22,187.62
7810699003 PAWTUCKET RED SOX,6/5/2019,1 kWh,kWh,150.96,152.1,149.52,152.76,147.36,148.68,148.86,149.4,155.76,163.74,179.7,188.94,187.5,200.1,192.18,187.5,184.2,174.96,166.86,166.56,168.66,165.0,170.52,166.38
7810699003 PAWTUCKET RED SOX,6/5/2019,1 Power Factor,Power Factor,81.395711,81.353615,82.403989,81.802898,81.786445,82.219402,82.658552,82.355034,83.792109,85.330481,85.732599,85.022863,84.671177,84.281059,84.82714200000001,84.48604399999999,83.581994,82.175348,80.563236,80.47346999999999,82.45708499999999,81.7045,81.384966,81.535701
7810699003 PAWTUCKET RED SOX,6/5/2019,2 kVAh,kVAh,185.46,186.96,181.44,186.72,180.18,180.84,180.06,181.38,185.88,191.88,209.64,222.24,221.46,237.42,226.56,221.94,220.38,212.88,207.12,207.0,204.54,201.96,209.52,204.06
7810699003 PAWTUCKET RED SOX,6/6/2019,1 kWh,kWh,170.58,165.72,166.02,166.74,162.06,163.14,160.08,160.62,171.72,178.8,199.08,220.74,222.06,221.82,220.56,217.38,204.96,191.58,172.26,162.48,162.3,158.1,154.2,158.52
7810699003 PAWTUCKET RED SOX,6/6/2019,1 Power Factor,Power Factor,81.301736,81.667412,82.302322,82.36554,82.198665,82.024464,82.423293,81.827262,82.173491,82.936813,83.939208,85.39786099999999,85.476135,85.04652,85.631028,84.549425,84.487368,82.321096,79.372724,78.823128,79.51493,78.6135,78.14370500000001,78.471807
7810699003 PAWTUCKET RED SOX,6/6/2019,2 kVAh,kVAh,209.82,202.92,201.72,202.44,197.16,198.9,194.22,196.32,208.98,215.58,237.18,258.42,259.8,260.82,257.58,257.1,242.58,232.56,217.02,206.16,204.12,201.12,197.34,202.02
7810699003 PAWTUCKET RED SOX,6/7/2019,1 kWh,kWh,158.7,156.48,151.98,160.32,154.14,155.34,148.32,149.88,157.56,175.68,186.0,190.74,213.66,221.64,246.12,327.36,395.52,428.28,427.62,468.72,504.18,450.72,402.6,254.16
7810699003 PAWTUCKET RED SOX,6/7/2019,1 Power Factor,Power Factor,78.767833,78.892044,79.633788,79.75142199999999,80.532354,80.205155,79.609454,79.039731,80.604128,81.816615,82.610235,83.480315,85.811009,85.838396,87.235336,90.076388,91.902485,92.363664,91.736897,93.776519,95.70537900000001,95.299062,94.624966,85.858474
7810699003 PAWTUCKET RED SOX,6/7/2019,2 kVAh,kVAh,201.48,198.36,190.86,201.0,191.4,193.68,186.3,189.6,195.48,214.68,225.12,228.48,249.0,258.18,282.12,363.36,430.2,463.68,466.14,499.08,526.8,472.92,425.46,293.1
7810699003 PAWTUCKET RED SOX,6/8/2019,1 kWh,kWh,204.9,191.7,179.88,178.32,173.76,176.46,169.26,177.84,184.56,193.56,218.76,223.8,227.46,232.44,252.9,319.14,382.56,420.96,444.36,499.68,499.74,393.72,357.78,343.74
7810699003 PAWTUCKET RED SOX,6/8/2019,1 Power Factor,Power Factor,82.38689000000001,81.602773,81.45973599999999,80.834164,80.579196,80.264646,80.324197,81.727314,83.636321,83.56621,85.12039200000001,85.70058399999999,85.32549499999999,85.72723,87.144965,89.309051,91.21529,92.388545,92.652849,94.261363,95.336003,93.219462,94.501763,94.257295
7810699003 PAWTUCKET RED SOX,6/8/2019,2 kVAh,kVAh,248.7,234.84,220.8,220.62,215.64,219.84,210.72,217.62,220.68,231.6,256.98,261.12,266.58,271.14,289.98,357.3,419.4,455.64,479.58,529.44,524.1,421.92,378.6,364.68
7810699003 PAWTUCKET RED SOX,6/9/2019,1 kWh,kWh,203.4,179.82,178.62,177.36,173.82,177.72,181.38,206.7,210.42,205.56,302.16,333.9,359.46,377.88,362.34,299.04,229.38,203.28,186.72,169.38,161.88,163.5,158.4,155.4
7810699003 PAWTUCKET RED SOX,6/9/2019,1 Power Factor,Power Factor,83.095927,81.31268399999999,81.768817,81.633462,81.655132,81.805213,83.128155,84.758701,85.114424,84.986434,90.555421,91.17135,90.993299,91.300306,90.324226,87.796872,85.437988,82.46599,81.379868,79.411427,80.12325,79.426321,78.63027,78.54884
7810699003 PAWTUCKET RED SOX,6/9/2019,2 kVAh,kVAh,243.84,221.16,218.46,217.26,212.88,217.26,218.16,243.84,247.14,241.74,333.66,366.24,395.04,413.88,401.1,340.5,268.38,246.48,229.44,213.24,202.02,205.86,201.42,197.82
7810699003 PAWTUCKET RED SOX,6/10/2019,1 kWh,kWh,149.04,150.9,149.16,148.5,141.6,145.68,152.94,149.64,151.44,164.22,178.62,180.96,191.7,186.18,195.3,205.68,206.52,201.06,267.36,293.16,325.74,183.72,138.12,129.66
7810699003 PAWTUCKET RED SOX,6/10/2019,1 Power Factor,Power Factor,78.329833,78.259116,79.231785,79.371921,79.350111,79.984984,81.274619,80.496837,82.216796,83.776948,85.334097,83.50469,84.32403199999999,84.826656,86.15906,86.61076800000001,86.010409,84.972447,91.09946,93.99216899999999,95.215662,82.371128,76.073782,76.145238
7810699003 PAWTUCKET RED SOX,6/10/2019,2 kVAh,kVAh,190.26,192.78,188.22,187.08,178.44,182.04,188.16,185.88,184.2,196.02,209.34,216.72,227.34,219.48,226.62,237.48,240.12,236.64,292.2,311.88,342.12,221.16,181.56,170.28
7810699003 PAWTUCKET RED SOX,6/11/2019,1 kWh,kWh,129.66,131.88,133.44,130.68,127.5,124.62,126.72,124.8,123.96,142.14,157.08,158.16,159.18,168.42,163.2,166.74,171.84,186.24,175.8,231.9,281.88,167.94,133.14,137.46
7810699003 PAWTUCKET RED SOX,6/11/2019,1 Power Factor,Power Factor,75.937524,76.486908,76.816158,75.90145799999999,75.71627099999999,75.309464,76.026498,76.298149,77.106923,80.796421,80.816218,81.196657,81.35346899999999,81.546966,83.389627,82.095871,82.342506,81.498101,80.343498,88.575498,94.510513,81.277904,76.649301,76.366346
7810699003 PAWTUCKET RED SOX,6/11/2019,2 kVAh,kVAh,170.76,172.44,173.7,172.14,168.36,165.54,166.62,163.56,160.68,175.86,194.4,194.76,195.66,206.52,195.72,203.16,208.68,228.54,218.82,259.14,298.26,204.72,173.7,180.0
7810699003 PAWTUCKET RED SOX,6/12/2019,1 kWh,kWh,129.78,132.78,126.0,126.84,121.02,122.58,123.48,118.68,122.94,137.28,164.76,177.24,177.78,169.74,179.82,179.88,178.62,171.84,155.88,148.14,145.68,145.32,148.74,140.16
7810699003 PAWTUCKET RED SOX,6/12/2019,1 Power Factor,Power Factor,76.85659100000001,76.916646,76.80198299999999,76.45479499999999,76.750575,77.003798,77.252049,77.657703,80.893566,83.857415,85.729792,84.99010899999999,85.269238,84.300731,84.862803,84.6739,83.88514599999999,81.725033,78.79725400000001,78.42665799999999,79.910209,79.070379,79.059196,78.601163
7810699003 PAWTUCKET RED SOX,6/12/2019,2 kVAh,kVAh,168.84,172.62,164.04,165.9,157.68,159.18,159.84,152.82,151.98,163.68,192.18,208.56,208.5,201.36,211.92,212.46,212.94,210.3,197.82,188.88,182.28,183.78,188.16,178.32
7810699003 PAWTUCKET RED SOX,6/13/2019,1 kWh,kWh,143.28,138.48,135.84,133.2,132.3,130.32,129.12,130.5,131.28,148.8,155.7,159.36,159.24,160.02,152.82,137.76,129.24,130.26,123.6,119.64,123.42,123.24,124.38,124.02
7810699003 PAWTUCKET RED SOX,6/13/2019,1 Power Factor,Power Factor,78.927208,79.43870799999999,79.527011,79.31513100000001,79.198266,79.414001,79.215976,80.03428100000001,81.91498299999999,84.24097900000001,84.451536,84.803688,84.496942,84.535021,85.501737,81.843277,80.29355699999999,77.751307,76.405405,76.019612,77.740174,76.668931,77.523035,76.979222
7810699003 PAWTUCKET RED SOX,6/13/2019,2 kVAh,kVAh,181.5,174.3,170.82,167.94,167.04,164.1,162.96,163.08,160.26,176.64,184.38,187.92,188.46,189.3,178.74,168.24,160.98,167.52,161.76,157.38,158.76,160.74,160.44,161.1
7810699003 PAWTUCKET RED SOX,6/14/2019,1 kWh,kWh,124.44,123.66,121.44,120.18,120.42,121.68,118.74,118.92,117.9,130.26,135.18,132.72,131.52,125.28,124.8,126.06,124.5,129.84,125.7,125.58,127.92,126.6,124.32,123.12
7810699003 PAWTUCKET RED SOX,6/14/2019,1 Power Factor,Power Factor,76.842349,76.814198,77.516677,76.975409,77.313014,77.81815,77.911281,77.787219,79.91104399999999,81.325445,82.46429599999999,82.660635,81.984779,81.539689,82.009321,80.12898,79.84385999999999,77.405826,76.372723,76.864562,78.064571,77.563214,77.139615,76.826174
7810699003 PAWTUCKET RED SOX,6/14/2019,2 kVAh,kVAh,161.94,160.98,156.66,156.12,155.76,156.36,152.4,152.88,147.54,160.14,163.92,160.56,160.44,153.66,152.16,157.32,155.94,167.76,164.58,163.38,163.86,163.2,161.16,160.26
7810699003 PAWTUCKET RED SOX,6/15/2019,1 kWh,kWh,125.16,122.4,123.6,122.64,123.18,122.94,118.56,117.72,113.64,117.78,120.24,128.34,128.94,133.08,131.64,132.42,135.9,141.96,139.02,137.16,136.74,139.56,139.02,139.44
7810699003 PAWTUCKET RED SOX,6/15/2019,1 Power Factor,Power Factor,76.367047,77.474212,77.918497,77.29838199999999,76.972409,76.62816600000001,76.40052299999999,76.048334,78.136901,77.743664,78.42671899999999,78.96327600000001,78.840252,78.903006,79.47952099999999,78.81232800000001,78.855008,77.979118,77.628668,76.92405699999999,78.223809,77.76740600000001,77.381614,77.728312
7810699003 PAWTUCKET RED SOX,6/15/2019,2 kVAh,kVAh,163.86,157.98,158.58,158.64,160.02,160.44,155.16,154.8,145.44,151.5,153.3,162.54,163.5,168.66,165.6,168.0,172.32,182.04,179.04,178.26,174.78,179.46,179.64,179.34
7810699003 PAWTUCKET RED SOX,6/16/2019,1 kWh,kWh,134.4,132.6,135.48,133.26,134.82,133.68,133.98,127.2,129.6,128.76,129.84,130.38,135.18,140.16,142.02,143.94,140.76,145.98,134.94,137.28,136.02,135.3,140.7,134.52
7810699003 PAWTUCKET RED SOX,6/16/2019,1 Power Factor,Power Factor,77.08444300000001,77.190247,78.319627,77.730212,77.871863,77.653092,76.600187,76.207132,78.22640899999999,78.06609300000001,78.451351,78.638537,78.964119,80.021867,80.606279,80.077058,79.738875,79.283286,78.191182,78.685789,79.980245,79.25855200000001,79.065168,78.390411
7810699003 PAWTUCKET RED SOX,6/16/2019,2 kVAh,kVAh,174.36,171.78,172.98,171.42,173.1,172.14,174.9,166.92,165.66,164.94,165.48,165.78,171.18,175.14,176.16,179.76,176.52,184.14,172.56,174.42,170.1,170.7,177.96,171.6
7810699003 PAWTUCKET RED SOX,6/17/2019,1 kWh,kWh,144.84,142.74,138.66,136.68,134.52,136.02,137.94,133.44,138.12,145.68,156.24,166.08,178.98,180.24,178.86,162.6,160.08,161.4,146.46,138.3,138.9,140.46,151.68,149.88
7810699003 PAWTUCKET RED SOX,6/17/2019,1 Power Factor,Power Factor,80.148049,79.880263,78.358806,77.464233,77.791224,77.972771,78.241501,78.54021800000001,80.740257,82.107702,83.47580400000001,83.484473,83.432671,83.423377,83.905374,82.653479,81.489284,79.53044,79.275524,79.507233,80.799215,80.281376,79.710164,79.832838
7810699003 PAWTUCKET RED SOX,6/17/2019,2 kVAh,kVAh,180.72,178.68,176.94,176.4,172.92,174.42,176.28,169.86,171.12,177.42,187.14,198.96,214.5,216.06,213.18,196.74,196.44,202.92,184.74,173.94,171.9,174.96,190.26,187.74
7810699003 PAWTUCKET RED SOX,6/18/2019,1 kWh,kWh,148.2,142.08,139.38,141.6,133.44,135.6,126.18,125.76,135.9,146.94,156.9,175.86,168.54,167.34,183.3,197.7,237.42,325.32,416.52,352.2,238.44,159.06,148.08,146.22
7810699003 PAWTUCKET RED SOX,6/18/2019,1 Power Factor,Power Factor,80.077088,80.054172,80.355227,79.900817,78.87198000000001,79.357219,79.33606999999999,79.87160899999999,82.066578,82.648551,83.608659,84.857739,84.728001,84.873002,86.346486,86.189052,88.297624,92.00026,95.6997,93.584064,86.84284699999999,79.081909,78.79770699999999,79.10209
7810699003 PAWTUCKET RED SOX,6/18/2019,2 kVAh,kVAh,185.1,177.48,173.46,177.24,169.2,170.88,159.06,157.44,165.6,177.78,187.62,207.24,198.9,197.16,212.28,229.32,268.38,353.64,435.12,374.94,274.32,201.0,187.92,184.86
7810699003 PAWTUCKET RED SOX,6/19/2019,1 kWh,kWh,140.28,135.66,134.82,137.52,134.7,138.9,130.98,124.62,142.68,164.22,183.66,187.62,195.06,195.72,223.2,291.78,335.52,344.58,347.58,481.8,448.8,401.16,373.62,279.6
7810699003 PAWTUCKET RED SOX,6/19/2019,1 Power Factor,Power Factor,78.798633,78.22421999999999,78.700067,77.95673000000001,78.329427,78.084684,78.29521899999999,78.422427,81.112938,84.45461999999999,86.037639,85.417077,85.329737,85.501724,86.711943,88.708287,90.062072,90.02951999999999,90.067497,95.98689499999999,95.841599,95.270404,95.55524100000001,90.624166
7810699003 PAWTUCKET RED SOX,6/19/2019,2 kVAh,kVAh,178.02,173.4,171.3,176.4,171.96,177.9,167.28,158.88,175.86,194.34,213.48,219.66,228.6,228.9,257.4,328.86,372.54,382.74,385.92,501.96,468.24,421.08,391.02,305.04
7810699003 PAWTUCKET RED SOX,6/20/2019,1 kWh,kWh,173.34,159.18,150.48,146.76,148.38,148.8,139.08,142.98,147.66,166.26,190.68,188.76,199.62,205.38,207.42,213.06,234.06,339.06,444.66,451.5,446.46,411.06,382.56,339.48
7810699003 PAWTUCKET RED SOX,6/20/2019,1 Power Factor,Power Factor,81.98290899999999,80.846727,80.11706600000001,79.368566,79.694344,79.428075,79.211105,78.493305,80.476424,82.213403,83.909936,84.376673,85.33323299999999,85.06451,86.01245,85.52780899999999,85.87094,91.66848399999999,96.087556,95.65538000000001,95.762529,95.31514399999999,95.53626899999999,95.142726
7810699003 PAWTUCKET RED SOX,6/20/2019,2 kVAh,kVAh,211.44,196.8,187.8,184.92,186.18,187.38,175.62,182.16,183.48,202.2,227.28,223.68,233.94,241.44,241.14,249.12,272.52,367.86,462.78,472.02,466.2,431.28,400.44,356.76
7810699003 PAWTUCKET RED SOX,6/21/2019,1 kWh,kWh,237.3,181.08,174.0,160.08,157.44,162.78,150.18,153.42,159.54,178.62,193.32,196.56,202.26,205.26,210.36,217.86,324.12,422.82,503.64,496.5,484.92,455.94,397.74,285.06
7810699003 PAWTUCKET RED SOX,6/21/2019,1 Power Factor,Power Factor,87.222918,81.809455,81.23230600000001,79.571151,79.903053,79.84710799999999,79.510046,79.753475,80.696007,83.252116,85.38153100000001,85.69162299999999,85.32009599999999,85.931499,86.21930400000001,85.69437099999999,90.683452,94.570661,96.527745,96.456539,96.38561800000001,96.179547,95.592687,90.895985
7810699003 PAWTUCKET RED SOX,6/21/2019,2 kVAh,kVAh,269.34,221.34,214.14,201.18,197.04,203.88,188.88,192.36,197.7,214.56,226.38,229.38,237.06,238.86,244.02,254.22,356.4,446.22,521.76,514.74,503.1,474.06,416.04,310.5
7810699003 PAWTUCKET RED SOX,6/22/2019,1 kWh,kWh,168.48,160.68,142.5,140.64,141.84,133.74,133.38,135.06,148.2,160.08,184.14,192.06,204.42,205.68,240.66,303.66,344.94,372.66,382.26,484.92,495.06,402.24,356.34,325.38
7810699003 PAWTUCKET RED SOX,6/22/2019,1 Power Factor,Power Factor,80.141015,79.91813499999999,78.663333,78.053914,77.808763,77.180435,77.051951,78.23589100000001,79.655567,80.744388,83.03405,83.878733,85.43041600000001,85.023463,87.52020300000001,90.07800999999999,91.087863,90.699502,90.98965,95.050612,95.797915,93.592221,94.97404499999999,95.211378
7810699003 PAWTUCKET RED SOX,6/22/2019,2 kVAh,kVAh,210.24,201.06,181.14,180.18,182.28,173.28,173.1,172.62,186.06,198.24,221.76,228.84,239.28,241.92,274.86,337.02,378.66,410.88,420.12,509.7,516.78,429.12,375.18,341.76
7810699003 PAWTUCKET RED SOX,6/23/2019,1 kWh,kWh,197.76,163.68,160.62,156.6,156.9,164.46,168.36,186.84,194.88,210.48,299.88,357.12,381.18,378.48,347.64,307.74,258.72,222.3,200.94,193.2,190.68,191.88,188.28,186.54
7810699003 PAWTUCKET RED SOX,6/23/2019,1 Power Factor,Power Factor,84.406253,81.621962,81.993565,81.668157,81.66886600000001,81.898781,81.64494300000001,83.650944,84.304315,84.671763,89.60645799999999,91.610598,91.09243000000001,90.73101700000001,89.614074,87.695751,85.264609,83.236662,82.485861,82.090438,83.22528100000001,82.61062199999999,82.17273399999999,82.247693
7810699003 PAWTUCKET RED SOX,6/23/2019,2 kVAh,kVAh,232.68,200.52,195.9,191.76,192.12,200.82,206.22,223.32,231.18,248.46,334.5,389.82,418.44,417.12,387.9,350.88,303.3,267.06,243.6,235.38,229.14,232.26,229.14,226.8
7810699003 PAWTUCKET RED SOX,6/24/2019,1 kWh,kWh,188.34,181.92,178.14,163.92,162.72,163.14,157.2,155.58,168.96,192.84,215.28,213.78,218.1,237.18,229.56,242.88,276.36,354.3,396.3,488.46,467.4,433.32,381.0,314.88
7810699003 PAWTUCKET RED SOX,6/24/2019,1 Power Factor,Power Factor,82.11078499999999,82.035674,81.689274,81.166127,81.125028,81.114558,81.316374,81.315309,82.187298,84.917773,85.143915,84.838124,84.765365,85.11800699999999,85.63253,85.839147,87.76145600000001,90.29281999999999,91.10534200000001,95.475054,95.359239,94.600114,94.29850400000001,93.152867
7810699003 PAWTUCKET RED SOX,6/24/2019,2 kVAh,kVAh,229.38,221.76,218.04,201.96,200.58,201.12,193.32,191.34,205.62,227.04,252.84,252.0,257.28,278.64,268.08,282.96,314.46,392.16,435.0,511.62,490.14,458.04,403.92,337.98
7810699003 PAWTUCKET RED SOX,6/25/2019,1 kWh,kWh,293.4,203.1,168.48,164.94,159.0,163.8,152.46,152.94,162.66,176.28,206.82,219.6,219.36,220.62,227.76,226.02,255.96,309.3,343.62,294.78,223.86,197.22,172.92,168.84
7810699003 PAWTUCKET RED SOX,6/25/2019,1 Power Factor,Power Factor,92.634761,83.45879000000001,80.038878,79.16016,79.51553299999999,80.179037,80.94811,81.524034,82.674909,84.45219399999999,84.90193000000001,85.17894100000001,85.250925,85.402185,85.872374,85.366387,86.678476,88.929865,90.13894599999999,88.10391,83.656104,81.371703,80.65043,81.137811
7810699003 PAWTUCKET RED SOX,6/25/2019,2 kVAh,kVAh,316.74,241.38,210.48,208.38,199.98,204.3,188.34,187.62,196.74,208.68,243.6,257.88,257.34,258.36,265.26,264.78,295.02,347.82,381.12,334.38,267.54,242.34,214.44,208.08
7810699003 PAWTUCKET RED SOX,6/26/2019,1 kWh,kWh,166.68,162.6,165.12,164.16,157.02,162.18,158.4,156.72,159.12,176.4,181.56,188.4,189.18,197.7,206.46,198.18,200.64,200.28,197.76,198.96,188.16,157.38,147.72,152.64
7810699003 PAWTUCKET RED SOX,6/26/2019,1 Power Factor,Power Factor,80.813856,80.919022,81.349568,80.47483299999999,80.528615,80.831936,81.04096700000001,81.222531,82.289992,84.155064,83.734945,84.250635,82.515659,84.192238,84.441862,83.03058100000001,82.10669,80.97943000000001,80.68638299999999,81.29606700000001,82.505098,78.692036,77.513763,77.65187
7810699003 PAWTUCKET RED SOX,6/26/2019,2 kVAh,kVAh,206.28,200.94,202.98,204.0,195.0,200.64,195.48,192.96,193.38,209.58,216.84,223.62,229.26,234.84,244.5,238.68,244.38,247.32,245.1,244.68,227.94,199.92,190.56,196.56
7810699003 PAWTUCKET RED SOX,6/27/2019,1 kWh,kWh,151.5,145.38,143.7,143.1,143.94,140.28,136.26,138.36,140.58,160.68,179.28,195.3,199.68,195.0,194.94,189.36,188.28,176.34,167.28,156.66,153.6,152.76,152.1,148.8
7810699003 PAWTUCKET RED SOX,6/27/2019,1 Power Factor,Power Factor,77.411087,77.464872,78.040075,77.28659,77.187393,76.967608,77.065176,77.570792,78.878674,81.249248,81.94531500000001,82.93585,82.70655500000001,82.365762,82.673757,81.756816,80.845031,79.218625,77.330646,76.991555,77.53381800000001,76.990649,77.38279200000001,77.469093
7810699003 PAWTUCKET RED SOX,6/27/2019,2 kVAh,kVAh,195.72,187.68,184.14,185.16,186.48,182.28,176.82,178.38,178.2,197.76,218.76,235.5,241.44,236.76,235.8,231.6,232.86,222.54,216.3,203.46,198.12,198.42,196.56,192.06
7810699003 PAWTUCKET RED SOX,6/28/2019,1 kWh,kWh,147.6,148.68,143.82,145.86,142.86,141.54,138.54,138.06,151.5,166.56,173.28,178.02,187.98,176.1,175.5,174.78,178.14,173.76,173.46,171.36,168.54,169.38,164.4,167.28
7810699003 PAWTUCKET RED SOX,6/28/2019,1 Power Factor,Power Factor,76.950079,76.796162,77.529127,77.205213,77.46459,77.67360500000001,77.268815,78.204029,79.81693800000001,81.602956,81.149385,81.674421,81.01339899999999,80.49994000000001,80.111467,79.26520500000001,78.87270600000001,78.339562,77.94586600000001,77.820728,78.51047,77.965499,77.535012,77.47173599999999
7810699003 PAWTUCKET RED SOX,6/28/2019,2 kVAh,kVAh,191.82,193.62,185.52,188.94,184.44,182.22,179.28,176.52,189.78,204.12,213.54,217.92,232.02,218.76,219.06,220.5,225.84,221.76,222.54,220.2,214.68,217.26,212.04,215.94
7810699003 PAWTUCKET RED SOX,6/29/2019,1 kWh,kWh,162.36,160.74,159.96,158.76,157.62,158.4,151.68,150.48,150.42,147.48,152.94,159.06,158.28,160.2,162.6,162.36,154.92,155.16,159.84,155.52,161.58,161.94,154.2,153.66
7810699003 PAWTUCKET RED SOX,6/29/2019,1 Power Factor,Power Factor,77.181239,77.426737,77.561309,76.962884,76.79069399999999,77.006984,77.03818199999999,77.086564,77.864175,77.789286,78.28850600000001,78.69035600000001,77.83605,78.251812,77.70769399999999,77.093896,75.53902,76.182564,76.57096800000001,76.358186,77.78914300000001,77.76523,77.245237,76.94986
7810699003 PAWTUCKET RED SOX,6/29/2019,2 kVAh,kVAh,210.36,207.6,206.22,206.28,205.26,205.68,196.8,195.18,193.2,189.6,195.36,202.14,203.34,204.72,209.22,210.6,205.08,203.64,208.74,203.7,207.72,208.26,199.62,199.68
7810699003 PAWTUCKET RED SOX,6/30/2019,1 kWh,kWh,151.44,151.98,147.36,146.34,141.42,140.34,142.98,144.06,142.32,144.48,147.66,141.66,158.28,155.04,156.48,158.34,157.56,161.64,145.38,144.24,166.2,167.04,171.48,165.84
7810699003 PAWTUCKET RED SOX,6/30/2019,1 Power Factor,Power Factor,76.782031,76.893462,77.330551,76.572411,76.47359300000001,76.47479,76.97063,77.057016,77.525048,77.40227900000001,77.491,77.080845,78.297105,77.740915,78.472822,78.008162,77.305774,77.502888,76.504731,75.944872,79.501626,80.226635,81.478095,81.196831
7810699003 PAWTUCKET RED SOX,6/30/2019,2 kVAh,kVAh,197.22,197.64,190.56,191.1,184.92,183.54,185.76,186.96,183.6,186.66,190.56,183.78,202.14,199.44,199.38,202.98,203.82,208.56,190.02,189.96,208.98,208.2,210.48,204.24
7810699003 PAWTUCKET RED SOX,7/1/2019,1 kWh,kWh,167.82,162.96,156.66,157.32,154.32,154.8,155.28,155.64,171.42,188.16,197.64,208.02,218.1,247.92,275.34,349.44,410.22,422.1,477.96,533.82,491.4,309.9,254.16,222.72
7810699003 PAWTUCKET RED SOX,7/1/2019,1 Power Factor,Power Factor,81.185919,81.106145,79.24760699999999,79.251459,79.25846999999999,79.339954,79.677358,79.794884,81.740481,82.89667800000001,83.945425,84.42344,85.21604599999999,88.2424,89.16486,91.837057,92.820751,92.294636,93.07980699999999,95.063473,94.709781,87.93016,85.885743,83.130441
7810699003 PAWTUCKET RED SOX,7/1/2019,2 kVAh,kVAh,206.7,200.94,197.64,198.48,194.7,195.12,194.88,195.0,209.7,226.98,235.44,246.42,255.9,280.92,308.76,380.52,441.96,457.38,513.0,561.54,518.64,352.2,295.92,267.54
7810699003 PAWTUCKET RED SOX,7/2/2019,1 kWh,kWh,191.4,183.72,181.56,178.5,176.88,178.08,171.18,172.02,189.0,213.54,224.82,226.98,237.3,235.32,264.96,354.9,401.64,464.34,567.6,558.66,488.04,411.18,360.72,235.14
7810699003 PAWTUCKET RED SOX,7/2/2019,1 Power Factor,Power Factor,79.670741,79.721448,79.818991,79.995635,79.828159,79.766937,80.184304,80.02334499999999,81.944254,83.101539,84.300104,84.44835400000001,84.850738,84.628888,86.91235400000001,90.123545,90.91083499999999,93.087366,95.438919,95.203707,93.99145,93.100128,93.354664,83.350087
7810699003 PAWTUCKET RED SOX,7/2/2019,2 kVAh,kVAh,240.24,230.46,227.46,223.14,221.58,223.26,213.48,214.98,230.64,256.92,266.7,268.8,279.66,278.04,304.38,393.66,441.78,498.42,594.72,586.8,518.7,441.66,386.22,281.64
7810699003 PAWTUCKET RED SOX,7/3/2019,1 kWh,kWh,197.22,191.82,188.88,186.18,181.86,185.16,178.8,174.12,187.26,211.74,230.7,244.14,247.5,256.56,278.1,352.8,413.34,445.2,495.72,565.08,498.06,403.8,360.9,263.28
7810699003 PAWTUCKET RED SOX,7/3/2019,1 Power Factor,Power Factor,80.17921199999999,80.391255,80.379079,79.934949,80.29355100000001,79.946353,80.107046,80.856701,82.467584,83.854027,85.272243,85.693279,85.51260500000001,85.893514,87.150824,90.237499,91.555081,91.77566999999999,92.88328800000001,95.12181,94.39150500000001,92.673734,93.354495,86.486689
7810699003 PAWTUCKET RED SOX,7/3/2019,2 kVAh,kVAh,246.0,238.62,234.96,232.92,226.5,231.6,223.2,215.34,227.04,252.48,270.54,284.88,289.44,298.68,319.02,390.9,451.44,485.1,532.98,594.06,527.34,435.42,386.64,301.32
7810699003 PAWTUCKET RED SOX,7/4/2019,1 kWh,kWh,190.92,185.76,181.74,180.0,176.82,178.68,181.56,186.78,184.5,190.14,199.38,193.8,200.1,199.08,198.48,196.56,200.28,198.54,197.34,193.14,193.32,189.42,185.64,181.44
7810699003 PAWTUCKET RED SOX,7/4/2019,1 Power Factor,Power Factor,79.770116,79.54926400000001,79.56218,79.113687,79.156089,79.013403,78.908982,79.165304,80.241988,80.635874,80.87674,80.45013900000001,80.63424499999999,80.47081,81.046757,80.274895,80.41429000000001,79.881401,79.168464,79.325369,79.765221,79.27921500000001,79.210657,78.853564
7810699003 PAWTUCKET RED SOX,7/4/2019,2 kVAh,kVAh,239.34,233.52,228.42,227.52,223.38,226.14,230.1,235.92,229.92,235.8,246.54,240.9,248.16,247.38,244.92,244.86,249.06,248.52,249.24,243.48,242.4,238.92,234.36,230.1
7810699003 PAWTUCKET RED SOX,7/5/2019,1 kWh,kWh,183.54,173.82,173.52,166.92,166.86,165.3,163.02,164.88,171.9,174.3,187.44,187.2,198.66,190.92,188.76,180.96,179.34,178.92,179.64,176.94,171.36,170.34,171.48,173.16
7810699003 PAWTUCKET RED SOX,7/5/2019,1 Power Factor,Power Factor,79.372807,79.195718,79.254941,78.609174,78.60168399999999,78.517078,79.231039,79.415664,80.382712,80.155118,80.746951,80.996077,81.871804,80.67298000000001,80.548876,78.622536,78.621902,77.772472,77.223108,76.849532,77.054047,76.76955600000001,77.097199,77.121219
7810699003 PAWTUCKET RED SOX,7/5/2019,2 kVAh,kVAh,231.24,219.48,218.94,212.34,212.28,210.54,205.74,207.6,213.84,217.44,232.14,231.12,242.64,236.64,234.3,230.16,228.12,230.04,232.62,230.22,222.36,221.88,222.42,224.52
7810699003 PAWTUCKET RED SOX,7/6/2019,1 kWh,kWh,172.68,168.6,171.48,169.92,164.34,168.18,164.28,157.02,163.26,168.6,167.94,174.36,175.32,180.9,181.02,195.24,200.1,201.96,193.26,176.34,183.9,177.24,180.42,174.66
7810699003 PAWTUCKET RED SOX,7/6/2019,1 Power Factor,Power Factor,76.867977,76.686812,77.39609399999999,76.63585,76.410573,76.212484,76.00891,75.914683,77.54450200000001,77.503628,77.55155,77.890365,78.12749000000001,77.92039,78.207782,79.039198,79.520463,79.072266,78.080359,77.754506,78.848804,78.296355,78.329029,78.230165
7810699003 PAWTUCKET RED SOX,7/6/2019,2 kVAh,kVAh,224.64,219.84,221.58,221.7,215.04,220.68,216.12,206.82,210.54,217.5,216.54,223.86,224.4,232.14,231.48,246.96,251.64,255.42,247.5,226.8,233.22,226.38,230.34,223.26
7810699003 PAWTUCKET RED SOX,7/7/2019,1 kWh,kWh,173.34,169.62,167.46,165.42,168.78,168.48,162.9,157.44,155.82,154.44,155.22,154.02,167.94,166.62,167.52,174.78,178.56,179.22,167.46,166.74,173.04,171.54,169.5,164.16
7810699003 PAWTUCKET RED SOX,7/7/2019,1 Power Factor,Power Factor,78.166524,79.006024,79.29214499999999,78.343108,78.31604899999999,77.883818,77.61155699999999,77.268425,78.41824,77.812039,78.20658399999999,78.384146,79.26998,79.183275,79.454684,79.69787,79.321761,79.506218,78.53856,78.478837,79.21024,78.987112,79.716879,79.279825
7810699003 PAWTUCKET RED SOX,7/7/2019,2 kVAh,kVAh,221.76,214.68,211.2,211.14,215.52,216.3,209.88,203.76,198.72,198.48,198.48,196.5,211.86,210.42,210.84,219.3,225.12,225.42,213.18,212.46,218.46,217.2,212.64,207.06
7810699003 PAWTUCKET RED SOX,7/8/2019,1 kWh,kWh,165.12,159.0,160.14,156.0,151.44,151.5,145.5,145.5,146.58,162.72,172.8,167.94,168.18,166.74,156.6,154.62,161.16,158.82,160.68,157.56,159.12,155.16,150.84,148.74
7810699003 PAWTUCKET RED SOX,7/8/2019,1 Power Factor,Power Factor,77.802141,77.551337,77.801785,77.757212,77.6628,78.00624,78.439904,78.629598,79.240627,81.475623,82.620836,81.319073,81.224337,81.217791,80.305688,78.710374,78.52735799999999,78.145121,77.732698,77.49118299999999,78.090255,77.079084,77.33003599999999,76.748455
7810699003 PAWTUCKET RED SOX,7/8/2019,2 kVAh,kVAh,212.22,205.02,205.8,200.64,195.0,194.22,185.52,185.04,184.98,199.74,209.16,206.52,207.06,205.32,194.94,196.44,205.2,203.22,206.7,203.34,203.76,201.3,195.06,193.8
7810699003 PAWTUCKET RED SOX,7/9/2019,1 kWh,kWh,148.62,147.24,146.28,145.68,142.86,145.86,144.78,141.72,146.52,155.82,173.58,174.42,176.4,182.7,177.18,176.76,170.04,173.34,170.1,176.82,165.18,168.0,163.8,161.34
7810699003 PAWTUCKET RED SOX,7/9/2019,1 Power Factor,Power Factor,77.18176899999999,76.927221,77.747214,77.471203,77.842402,77.695948,77.88999799999999,77.548247,78.715301,79.657624,81.632467,81.116208,81.666969,81.724347,82.27043499999999,80.38969399999999,78.933268,78.826705,78.097255,78.093122,78.633864,77.927322,77.783536,77.696765
7810699003 PAWTUCKET RED SOX,7/9/2019,2 kVAh,kVAh,192.54,191.4,188.16,188.04,183.54,187.74,185.88,182.76,186.12,195.6,212.64,215.04,216.0,223.56,215.34,219.84,215.4,219.9,217.8,226.44,210.06,215.58,210.6,207.66
7810699003 PAWTUCKET RED SOX,7/10/2019,1 kWh,kWh,159.12,160.2,155.82,154.62,153.9,155.1,142.26,151.08,155.4,162.66,179.52,190.02,191.22,193.38,205.62,211.98,198.72,185.22,184.44,176.16,176.7,178.26,172.38,179.52
7810699003 PAWTUCKET RED SOX,7/10/2019,1 Power Factor,Power Factor,77.63480600000001,78.01017,77.660104,77.736331,77.731524,77.4588,77.293386,78.245019,79.150302,80.209757,81.237832,82.365853,82.008513,82.076619,82.799184,81.900653,80.426955,78.949976,78.936713,77.95259200000001,79.291488,78.974096,78.646103,79.332627
7810699003 PAWTUCKET RED SOX,7/10/2019,2 kVAh,kVAh,204.96,205.38,200.64,198.9,198.0,200.22,184.08,193.08,196.32,202.8,220.98,230.7,233.16,235.56,248.34,258.84,247.08,234.6,233.64,225.96,222.84,225.72,219.18,226.26
7810699003 PAWTUCKET RED SOX,7/11/2019,1 kWh,kWh,180.78,179.46,158.46,150.06,148.98,151.14,145.68,144.78,156.42,176.04,205.32,220.02,224.88,231.84,248.58,263.4,313.8,372.18,431.52,536.16,510.66,454.98,311.7,223.14
7810699003 PAWTUCKET RED SOX,7/11/2019,1 Power Factor,Power Factor,79.26978000000001,79.01886999999999,77.183936,76.410135,76.275917,76.837586,76.750924,77.350204,79.409296,80.46896,83.525144,84.556329,84.326927,84.69984000000001,85.282521,85.471076,87.20084200000001,89.18207199999999,91.16855799999999,95.041156,94.931226,93.90757099999999,86.868099,80.35755400000001
7810699003 PAWTUCKET RED SOX,7/11/2019,2 kVAh,kVAh,228.06,227.1,205.26,196.38,195.3,196.68,189.78,187.14,196.98,218.64,245.7,260.22,266.64,273.72,291.48,308.16,359.7,417.12,473.28,564.12,537.9,484.44,355.32,277.68
7810699003 PAWTUCKET RED SOX,7/12/2019,1 kWh,kWh,210.48,196.38,180.3,175.14,173.28,170.58,169.68,169.2,175.26,203.88,218.16,238.2,261.12,274.86,350.1,400.32,454.2,533.52,556.86,526.62,482.28,425.76,283.68,231.9
7810699003 PAWTUCKET RED SOX,7/12/2019,1 Power Factor,Power Factor,78.888601,78.361334,78.043037,77.56779,77.589538,77.341662,77.007233,77.582391,79.519253,82.12260500000001,83.31469799999999,84.48282900000001,85.33023399999999,86.131332,89.25269200000001,90.319319,92.68319,95.070924,94.80133199999999,94.680387,94.417144,93.27253499999999,85.317953,82.021852
7810699003 PAWTUCKET RED SOX,7/12/2019,2 kVAh,kVAh,266.76,250.62,231.0,225.78,223.32,220.56,220.32,218.1,220.38,248.16,261.84,281.82,306.0,319.08,392.16,443.22,488.88,561.18,587.4,556.2,510.78,456.3,330.12,282.72
7810699003 PAWTUCKET RED SOX,7/13/2019,1 kWh,kWh,213.66,208.14,200.1,203.04,201.66,196.92,183.84,179.46,188.22,207.48,227.1,224.58,235.44,248.82,256.98,334.56,418.86,463.86,562.86,555.9,523.86,470.88,393.24,381.66
7810699003 PAWTUCKET RED SOX,7/13/2019,1 Power Factor,Power Factor,80.732291,80.997899,80.947156,80.80532099999999,80.50235500000001,80.851812,80.276437,80.44981999999999,81.991114,83.162317,84.327733,84.133195,84.628737,85.259073,86.09691600000001,88.796835,91.918001,92.52124,95.265917,94.965092,94.911236,93.954706,92.46722,93.21529
7810699003 PAWTUCKET RED SOX,7/13/2019,2 kVAh,kVAh,264.66,256.98,247.2,251.28,250.5,243.54,228.9,223.08,229.56,249.48,269.28,266.94,278.22,291.84,298.44,376.68,455.4,501.0,590.82,585.36,551.94,501.12,424.8,409.44
7810699003 PAWTUCKET RED SOX,7/14/2019,1 kWh,kWh,305.94,205.26,206.28,198.78,197.1,193.14,193.86,233.52,229.56,254.22,350.4,387.06,418.74,419.34,409.26,369.12,320.28,272.58,250.26,235.74,223.68,222.42,216.42,208.74
7810699003 PAWTUCKET RED SOX,7/14/2019,1 Power Factor,Power Factor,88.678251,80.227946,80.43925300000001,80.548446,80.438705,80.315899,80.710822,83.10033100000001,83.318976,84.64103100000001,89.322903,90.118445,90.527842,90.488343,90.12795600000001,88.209918,85.96244300000001,83.985022,82.609307,81.42226600000001,81.144248,80.81604499999999,81.020507,80.381765
7810699003 PAWTUCKET RED SOX,7/14/2019,2 kVAh,kVAh,342.42,255.84,256.44,246.78,245.04,240.48,240.12,280.98,275.52,300.3,391.98,429.48,462.54,463.38,454.08,418.38,372.42,324.54,302.94,289.5,275.64,275.22,267.12,259.68
7810699003 PAWTUCKET RED SOX,7/15/2019,1 kWh,kWh,205.62,202.8,199.02,195.48,193.02,192.66,186.72,186.66,193.08,216.96,232.92,235.26,245.52,246.42,259.38,267.72,291.6,343.56,404.46,425.76,476.52,441.3,350.46,204.9
7810699003 PAWTUCKET RED SOX,7/15/2019,1 Power Factor,Power Factor,80.31243,80.554587,81.10108699999999,80.64977900000001,80.909424,81.24771,80.977264,81.43356,82.672646,84.331285,85.340369,84.485392,84.968251,85.119105,86.479646,86.156875,86.964109,89.077534,91.165727,92.273276,94.894697,94.352683,92.829414,80.239738
7810699003 PAWTUCKET RED SOX,7/15/2019,2 kVAh,kVAh,256.02,251.76,245.4,242.4,238.56,237.12,230.58,229.2,233.52,257.22,272.94,278.46,288.96,289.5,299.94,310.74,335.1,385.62,443.64,460.68,502.14,467.7,377.04,255.36
7810699003 PAWTUCKET RED SOX,7/16/2019,1 kWh,kWh,183.9,180.06,174.78,174.3,171.12,180.48,174.06,172.44,185.88,208.56,222.6,234.84,233.22,241.56,263.16,273.6,301.2,373.68,406.62,477.18,497.52,454.74,318.6,231.36
7810699003 PAWTUCKET RED SOX,7/16/2019,1 Power Factor,Power Factor,78.680593,78.45808199999999,78.73133,78.382094,78.415891,78.621339,78.447121,78.91024300000001,80.973893,82.159215,83.415465,84.21464499999999,84.326204,85.056965,85.93502099999999,86.23179499999999,87.134759,90.023903,91.27297,93.76267800000001,94.980506,94.039407,88.187613,81.094902
7810699003 PAWTUCKET RED SOX,7/16/2019,2 kVAh,kVAh,233.7,229.5,222.0,222.36,218.22,229.56,221.88,218.52,229.56,253.74,266.88,278.88,276.6,283.98,306.24,317.28,345.6,414.78,445.5,508.32,523.8,483.54,357.54,285.3
7810699003 PAWTUCKET RED SOX,7/17/2019,1 kWh,kWh,210.48,208.92,206.58,204.48,198.12,202.5,182.22,183.84,191.94,202.56,224.76,231.6,240.96,264.96,278.52,286.86,324.66,436.32,497.04,471.84,455.46,439.86,415.86,383.34
7810699003 PAWTUCKET RED SOX,7/17/2019,1 Power Factor,Power Factor,79.71350600000001,79.568842,79.643025,79.271443,79.128835,79.33279499999999,79.72699300000001,80.295016,81.026022,82.455127,83.67818100000001,84.804982,85.209654,85.446836,86.028711,85.987514,87.65312,92.750654,94.978142,94.691888,94.899043,94.385246,94.509326,93.943864
7810699003 PAWTUCKET RED SOX,7/17/2019,2 kVAh,kVAh,264.0,262.56,259.38,257.94,250.38,255.24,228.54,228.96,236.88,245.64,268.62,273.12,282.78,310.08,323.76,333.6,370.02,469.2,523.32,498.3,479.94,466.02,440.04,407.94
7810699003 PAWTUCKET RED SOX,7/18/2019,1 kWh,kWh,234.6,217.14,210.06,203.16,191.58,194.1,188.52,231.78,285.96,352.5,397.56,384.72,382.02,348.78,266.22,228.12,220.08,200.04,194.82,184.92,179.7,179.58,178.38,172.8
7810699003 PAWTUCKET RED SOX,7/18/2019,1 Power Factor,Power Factor,82.50285600000001,81.19581099999999,81.435096,80.926476,80.509059,80.297069,80.814059,84.171188,87.21552,89.553038,91.101798,91.145778,90.761255,89.380268,85.926441,84.04579100000001,83.438174,81.576312,80.906826,80.161936,81.231493,80.88042,81.83506700000001,81.82035
7810699003 PAWTUCKET RED SOX,7/18/2019,2 kVAh,kVAh,284.28,267.42,257.94,251.04,237.96,241.74,233.22,275.22,327.42,393.3,436.38,422.1,420.9,390.06,309.6,271.38,263.76,245.22,240.78,230.7,221.22,222.06,217.98,211.2
7810699003 PAWTUCKET RED SOX,7/19/2019,1 kWh,kWh,171.84,170.76,171.9,172.68,168.42,176.64,174.84,169.02,172.2,189.36,206.16,208.02,239.28,242.76,259.5,283.2,342.06,419.76,478.56,537.6,529.38,478.68,420.84,355.86
7810699003 PAWTUCKET RED SOX,7/19/2019,1 Power Factor,Power Factor,81.112841,81.038763,81.228659,80.615016,80.59148499999999,82.004923,81.83259100000001,82.20360699999999,82.478491,83.71118100000001,85.154645,84.889713,85.72760500000001,85.558272,86.170997,86.25232,88.347248,90.795479,92.623189,94.644503,94.809428,94.231059,93.213797,91.222613
7810699003 PAWTUCKET RED SOX,7/19/2019,2 kVAh,kVAh,211.86,210.72,211.62,214.2,208.98,215.4,213.66,205.62,208.8,226.14,242.1,245.04,279.12,283.74,301.14,328.32,387.06,462.3,515.58,568.02,558.36,507.96,451.38,390.06
7810699003 PAWTUCKET RED SOX,7/20/2019,1 kWh,kWh,328.62,212.28,200.22,200.76,195.72,196.32,187.32,194.88,211.2,244.92,269.82,268.98,275.16,295.08,306.36,333.9,432.66,466.44,470.88,569.1,533.28,449.1,422.76,361.26
7810699003 PAWTUCKET RED SOX,7/20/2019,1 Power Factor,Power Factor,90.558133,79.315334,80.119619,79.556529,79.288996,78.997759,78.50316600000001,79.482913,81.556889,82.603486,84.750194,84.855657,84.941457,85.635348,86.338188,86.681384,90.44184399999999,90.95441600000001,91.02784799999999,94.82122,94.614648,92.111651,92.881517,89.12084899999999
7810699003 PAWTUCKET RED SOX,7/20/2019,2 kVAh,kVAh,362.76,267.66,249.9,252.36,246.84,248.52,238.56,245.16,258.96,296.46,318.24,316.98,323.94,344.58,354.84,384.9,478.32,512.7,517.26,600.18,563.58,486.9,455.16,403.38
7810699003 PAWTUCKET RED SOX,7/21/2019,1 kWh,kWh,263.46,249.96,242.46,237.54,232.56,225.3,225.42,252.06,262.44,288.0,340.02,384.6,404.64,408.54,391.26,347.34,297.78,269.88,264.18,242.28,231.48,225.72,217.44,212.28
7810699003 PAWTUCKET RED SOX,7/21/2019,1 Power Factor,Power Factor,81.57227900000001,81.398917,81.517915,80.829397,80.730437,80.579409,80.900338,82.563976,83.742692,84.965164,87.37252099999999,89.550139,89.914816,89.552533,89.024484,87.144264,84.542058,82.754099,81.978155,79.47079000000001,79.57273599999999,79.464415,79.03470300000001,79.188498
7810699003 PAWTUCKET RED SOX,7/21/2019,2 kVAh,kVAh,322.98,307.08,297.42,293.88,288.06,279.6,278.64,305.22,313.38,338.94,388.86,429.48,450.0,456.18,439.44,398.52,352.08,326.1,322.2,304.86,290.88,284.04,275.1,268.08
7810699003 PAWTUCKET RED SOX,7/22/2019,1 kWh,kWh,209.04,210.54,205.44,199.8,200.4,202.44,201.54,198.96,195.96,209.52,225.54,219.24,230.04,232.68,230.82,228.66,220.86,201.48,193.32,193.08,185.88,186.12,185.76,181.92
7810699003 PAWTUCKET RED SOX,7/22/2019,1 Power Factor,Power Factor,79.054466,78.798367,79.310468,78.875569,79.354933,78.885171,79.427128,80.03867,80.457264,81.887449,83.313128,82.93079399999999,83.003541,82.935257,82.767213,82.417759,81.464221,80.156272,78.710768,78.98761,79.21300500000001,79.29576800000001,79.0812,79.22041
7810699003 PAWTUCKET RED SOX,7/22/2019,2 kVAh,kVAh,264.42,267.18,259.02,253.32,252.54,256.62,253.74,248.58,243.54,255.84,270.72,264.36,277.14,280.56,278.88,277.44,271.08,251.34,245.58,244.44,234.66,234.72,234.9,229.62
7810699003 PAWTUCKET RED SOX,7/23/2019,1 kWh,kWh,181.32,180.84,178.56,175.8,178.14,175.62,174.06,164.52,163.8,173.52,173.88,180.36,177.9,177.78,181.5,175.08,172.26,165.36,158.04,155.58,157.44,154.74,154.08,156.54
7810699003 PAWTUCKET RED SOX,7/23/2019,1 Power Factor,Power Factor,79.06740699999999,78.940265,79.302029,79.37871700000001,79.430616,80.304475,80.335982,79.824485,80.603557,81.87803000000001,82.438014,82.37908900000001,82.16493299999999,82.62395699999999,83.126614,82.197659,81.610119,80.444793,79.275199,79.01541,80.02554,79.526865,79.607096,79.550986
7810699003 PAWTUCKET RED SOX,7/23/2019,2 kVAh,kVAh,229.32,229.08,225.18,221.46,224.28,218.7,216.66,206.1,203.22,211.92,210.96,218.94,216.54,215.16,218.34,213.0,211.08,205.56,199.38,196.92,196.74,194.58,193.56,196.8
7810699003 PAWTUCKET RED SOX,7/24/2019,1 kWh,kWh,155.7,154.92,156.66,154.92,157.8,156.12,147.6,143.88,150.0,174.6,183.96,175.56,174.3,195.72,192.36,180.24,171.84,167.28,168.12,165.12,160.86,158.7,159.9,152.4
7810699003 PAWTUCKET RED SOX,7/24/2019,1 Power Factor,Power Factor,79.433942,79.052178,79.86788100000001,78.84229300000001,79.076962,79.169279,79.31604399999999,78.914174,80.97508499999999,81.942604,82.999691,83.224214,83.307629,83.557305,83.89496199999999,81.315335,80.46477900000001,79.199968,78.911098,78.539741,78.805681,78.040548,77.762065,77.65463100000001
7810699003 PAWTUCKET RED SOX,7/24/2019,2 kVAh,kVAh,196.02,195.96,196.14,196.5,199.56,197.22,186.06,182.34,185.22,213.06,221.64,210.96,209.22,234.24,229.26,221.52,213.54,211.2,213.06,210.24,204.12,203.34,205.62,196.26
7810699003 PAWTUCKET RED SOX,7/25/2019,1 kWh,kWh,150.9,153.06,146.58,152.16,149.82,148.56,149.64,149.04,156.84,168.24,184.56,199.26,206.4,207.48,209.04,207.54,208.26,188.82,180.84,162.24,156.54,158.46,153.0,149.46
7810699003 PAWTUCKET RED SOX,7/25/2019,1 Power Factor,Power Factor,77.287184,77.231923,77.773864,77.176376,77.356841,77.204324,77.38019399999999,78.542315,80.75157,81.322705,82.67378000000001,83.415675,83.132385,82.84494000000001,82.486103,82.08388000000001,81.470395,79.606238,78.38521,77.605092,77.70561,76.904719,76.595759,76.364021
7810699003 PAWTUCKET RED SOX,7/25/2019,2 kVAh,kVAh,195.24,198.18,188.46,197.16,193.68,192.42,193.38,189.72,194.22,206.88,223.14,238.92,248.28,250.44,253.44,252.84,255.6,237.18,230.7,209.04,201.48,206.04,199.74,195.72
7810699003 PAWTUCKET RED SOX,7/26/2019,1 kWh,kWh,150.42,148.86,146.28,145.86,148.74,148.2,144.18,139.44,149.34,162.48,170.88,170.34,177.96,185.64,184.5,177.42,178.56,169.26,170.46,169.44,165.54,162.3,160.62,155.88
7810699003 PAWTUCKET RED SOX,7/26/2019,1 Power Factor,Power Factor,76.222497,75.69665400000001,76.732422,75.89317700000001,75.810849,75.935611,75.77973399999999,76.570086,78.019475,79.859052,81.050336,80.41795400000001,79.435686,80.013575,80.665273,79.44556800000001,78.948685,77.56446,76.94573199999999,76.445504,77.420365,76.613301,76.23971800000001,76.002185
7810699003 PAWTUCKET RED SOX,7/26/2019,2 kVAh,kVAh,197.34,196.62,190.62,192.18,196.2,195.18,190.26,182.1,191.4,203.4,210.84,211.8,224.04,232.02,228.72,223.32,226.14,218.22,221.52,221.64,213.84,211.86,210.66,205.08
7810699003 PAWTUCKET RED SOX,7/27/2019,1 kWh,kWh,159.24,160.26,153.12,155.88,154.68,155.28,145.2,145.56,143.34,146.88,148.62,149.94,148.26,151.86,150.0,152.88,153.84,153.24,148.32,149.7,148.8,150.36,152.1,145.56
7810699003 PAWTUCKET RED SOX,7/27/2019,1 Power Factor,Power Factor,75.89058399999999,76.375546,76.840866,75.98419200000001,75.825011,75.630711,74.914316,75.230646,76.11059,76.328378,76.73082,77.555027,76.968041,77.421695,77.68484699999999,76.8841,77.08644,76.92615500000001,76.149275,75.969201,76.804652,76.034475,76.07781700000001,76.65440600000001
7810699003 PAWTUCKET RED SOX,7/27/2019,2 kVAh,kVAh,209.82,209.82,199.26,205.14,204.0,205.32,193.8,193.5,188.34,192.42,193.68,193.32,192.6,196.14,193.08,198.84,199.56,199.2,194.76,197.04,193.74,197.76,199.92,189.9
7810699003 PAWTUCKET RED SOX,7/28/2019,1 kWh,kWh,147.42,147.0,147.12,147.36,146.58,147.0,147.0,145.56,147.36,149.82,153.78,162.18,161.52,166.8,166.02,167.7,178.86,184.92,181.38,178.8,177.24,177.96,174.78,169.8
7810699003 PAWTUCKET RED SOX,7/28/2019,1 Power Factor,Power Factor,76.299177,76.01593299999999,76.33845699999999,75.24441,76.029615,75.613686,75.331218,75.96299599999999,77.119351,77.22885,77.266094,77.941307,77.294543,77.604858,78.227214,77.64915699999999,78.096855,77.853263,77.275814,76.386546,77.737092,76.60470500000001,77.124613,76.15661999999999
7810699003 PAWTUCKET RED SOX,7/28/2019,2 kVAh,kVAh,193.2,193.38,192.72,195.84,192.78,194.4,195.12,191.64,191.04,193.98,199.02,208.08,208.98,214.92,212.22,215.94,229.02,237.54,234.72,234.06,228.0,232.32,226.62,222.96
7810699003 PAWTUCKET RED SOX,7/29/2019,1 kWh,kWh,172.44,170.7,166.98,168.72,167.16,166.92,164.34,160.56,167.7,188.76,199.32,201.84,201.24,219.3,220.5,221.04,208.62,208.8,195.84,183.84,187.44,187.2,180.18,176.22
7810699003 PAWTUCKET RED SOX,7/29/2019,1 Power Factor,Power Factor,76.743321,76.476652,77.03160799999999,76.39236,76.848526,76.929393,77.240776,77.699411,79.396998,80.69075,81.341912,81.788024,81.621966,81.851998,82.418667,81.509357,80.213468,79.80309799999999,77.935643,77.32122199999999,78.643276,77.553893,77.57650600000001,77.463851
7810699003 PAWTUCKET RED SOX,7/29/2019,2 kVAh,kVAh,224.7,223.2,216.72,220.86,217.5,216.96,212.76,206.64,211.2,233.88,245.04,246.78,246.54,267.9,267.54,271.2,260.04,261.6,251.28,237.78,238.32,241.38,232.26,227.52
7810699003 PAWTUCKET RED SOX,7/30/2019,1 kWh,kWh,175.68,173.64,171.3,170.52,168.6,175.38,166.86,167.58,179.94,194.4,214.02,239.28,246.96,244.5,245.46,235.02,235.14,218.7,211.98,202.2,198.18,194.88,185.7,189.18
7810699003 PAWTUCKET RED SOX,7/30/2019,1 Power Factor,Power Factor,78.312442,77.879453,78.043545,77.226129,77.071887,77.402552,77.57481700000001,78.033436,79.618315,80.980793,81.734261,82.536396,82.731937,82.99692900000001,82.954365,81.801761,81.511674,80.019821,78.75511,77.648431,78.12518100000001,77.462288,77.296028,77.240412
7810699003 PAWTUCKET RED SOX,7/30/2019,2 kVAh,kVAh,224.34,222.96,219.48,220.8,218.76,226.56,215.1,214.74,226.02,240.0,261.84,289.86,298.5,294.6,295.86,287.28,288.48,273.24,269.16,260.4,253.68,251.58,240.24,244.92
7810699003 PAWTUCKET RED SOX,7/31/2019,1 kWh,kWh,182.1,183.9,180.18,181.14,176.4,179.64,171.06,167.64,172.2,189.36,212.16,218.4,228.42,229.98,232.92,235.62,213.0,196.62,181.26,182.52,172.68,175.68,168.96,166.5
7810699003 PAWTUCKET RED SOX,7/31/2019,1 Power Factor,Power Factor,77.36743100000001,77.340103,77.838583,76.956355,76.797871,76.763391,76.794729,77.548412,79.171829,79.929338,82.52569799999999,82.633388,83.370848,83.453781,83.657888,82.477125,80.163308,79.538976,77.103755,76.83506700000001,77.341697,76.608909,77.00099300000001,77.59514
7810699003 PAWTUCKET RED SOX,7/31/2019,2 kVAh,kVAh,235.38,237.78,231.48,235.38,229.68,234.0,222.72,216.18,217.5,236.88,257.04,264.3,273.96,275.58,278.4,285.66,265.68,247.2,235.08,237.54,223.26,229.32,219.42,214.56
7810699003 PAWTUCKET RED SOX,8/1/2019,1 kWh,kWh,166.26,164.4,164.04,165.48,166.92,162.96,160.98,161.4,160.74,177.18,187.08,191.46,194.04,206.4,214.08,210.96,203.34,196.14,184.14,179.7,180.24,181.02,180.96,183.36
7810699003 PAWTUCKET RED SOX,8/1/2019,1 Power Factor,Power Factor,77.187989,76.77138599999999,77.076678,76.35648499999999,76.82089,76.920535,76.876082,77.305189,78.63036899999999,79.746951,80.255062,80.88920999999999,81.22052,81.819197,82.566923,81.257685,80.826629,79.576048,78.75301,78.344823,79.121257,78.807749,78.87240600000001,78.988739
7810699003 PAWTUCKET RED SOX,8/1/2019,2 kVAh,kVAh,215.4,214.14,212.82,216.72,217.26,211.86,209.4,208.8,204.42,222.18,233.1,236.7,238.92,252.24,259.2,259.62,251.58,246.48,233.82,229.38,227.82,229.68,229.44,232.14
7810699003 PAWTUCKET RED SOX,8/2/2019,1 kWh,kWh,176.64,172.08,169.56,170.22,169.62,166.62,160.92,166.32,170.22,198.06,201.36,203.16,221.1,228.06,237.84,247.44,295.5,410.34,479.52,534.48,504.72,454.56,344.16,225.66
7810699003 PAWTUCKET RED SOX,8/2/2019,1 Power Factor,Power Factor,78.759447,78.566884,78.675958,78.348945,78.00849699999999,78.870763,78.883913,79.398935,81.323243,82.76987,83.41850500000001,83.70936400000001,84.383487,84.297943,84.75403,84.57429499999999,86.854794,91.521934,93.099315,95.16105300000001,94.94436400000001,94.186035,90.527046,81.762624
7810699003 PAWTUCKET RED SOX,8/2/2019,2 kVAh,kVAh,224.28,219.06,215.52,217.26,217.44,211.26,204.0,209.46,209.28,239.22,241.38,242.7,262.02,270.54,280.62,292.56,339.66,448.26,514.38,561.66,531.54,482.58,378.54,275.94
7810699003 PAWTUCKET RED SOX,8/3/2019,1 kWh,kWh,204.36,193.56,193.8,192.66,189.48,187.98,177.18,175.56,197.94,213.24,233.34,235.8,253.68,253.56,276.9,312.72,406.98,483.66,580.2,564.24,532.32,447.96,407.34,385.14
7810699003 PAWTUCKET RED SOX,8/3/2019,1 Power Factor,Power Factor,80.378175,79.382673,80.046764,79.26527800000001,79.247449,78.922433,79.16595699999999,79.751717,81.830326,82.944324,84.390816,84.443816,85.12294399999999,85.905997,86.424869,87.55139799999999,90.96923000000001,93.060506,95.32603399999999,95.085853,95.028948,92.72211899999999,93.151399,93.205038
7810699003 PAWTUCKET RED SOX,8/3/2019,2 kVAh,kVAh,254.16,243.84,242.1,243.06,239.1,238.2,223.8,220.14,241.86,256.98,276.48,279.24,298.02,295.14,320.4,356.7,447.36,519.06,608.64,593.4,560.16,482.22,437.28,413.22
7810699003 PAWTUCKET RED SOX,8/4/2019,1 kWh,kWh,301.02,225.42,203.76,192.96,188.28,182.22,187.98,211.26,217.92,236.46,328.14,362.58,388.26,399.78,383.28,336.18,286.74,241.68,226.74,207.3,199.2,193.56,192.72,193.56
7810699003 PAWTUCKET RED SOX,8/4/2019,1 Power Factor,Power Factor,87.298896,80.278274,79.540751,77.866096,78.003925,77.952422,78.620125,79.724432,80.912364,82.767398,88.69073,89.430087,89.41741,89.68943399999999,89.483511,87.350607,84.672795,81.14591300000001,79.384614,77.70089399999999,77.87962399999999,77.771135,77.214105,77.170102
7810699003 PAWTUCKET RED SOX,8/4/2019,2 kVAh,kVAh,341.52,280.8,256.14,247.8,241.38,233.76,239.1,265.02,269.34,285.66,369.72,405.36,434.22,445.74,428.34,384.78,338.46,297.78,285.6,266.76,255.78,248.88,249.6,250.8
7810699003 PAWTUCKET RED SOX,8/5/2019,1 kWh,kWh,184.26,177.12,174.42,169.26,166.32,164.58,158.94,155.1,156.66,177.06,192.78,193.56,194.88,204.48,200.52,199.2,191.28,183.36,174.72,172.08,168.3,168.18,167.7,166.98
7810699003 PAWTUCKET RED SOX,8/5/2019,1 Power Factor,Power Factor,76.817992,76.87530600000001,77.335289,76.530697,76.471615,76.81313,76.587061,76.8684,77.878781,80.967772,82.613527,82.88284,83.317014,83.678752,83.57911999999999,82.602018,80.93424300000001,79.121719,77.777187,77.593549,77.653948,77.728988,77.61347099999999,77.092935
7810699003 PAWTUCKET RED SOX,8/5/2019,2 kVAh,kVAh,239.88,230.4,225.54,221.16,217.5,214.26,207.54,201.78,201.18,218.64,233.34,233.52,233.88,244.38,239.94,241.14,236.34,231.72,224.64,221.76,216.72,216.36,216.06,216.6
7810699003 PAWTUCKET RED SOX,8/6/2019,1 kWh,kWh,163.44,162.42,159.9,167.16,161.28,159.18,148.56,150.6,161.76,171.24,185.34,187.68,190.44,192.0,179.52,183.54,179.22,170.28,168.96,165.72,165.72,164.16,163.92,162.72
7810699003 PAWTUCKET RED SOX,8/6/2019,1 Power Factor,Power Factor,77.658036,77.314412,77.51949499999999,77.283126,77.36840600000001,76.809732,76.680972,77.31454000000001,78.532717,79.821436,81.13842199999999,81.503853,81.59039399999999,81.655516,81.362107,80.837,79.849254,78.854599,77.717316,77.338262,78.200265,77.333434,77.088197,77.02759
7810699003 PAWTUCKET RED SOX,8/6/2019,2 kVAh,kVAh,210.48,210.06,206.28,216.3,208.44,207.24,193.74,194.76,205.98,214.56,228.42,230.28,233.4,235.14,220.62,227.04,224.46,215.94,217.38,214.26,211.92,212.28,212.64,211.26
7810699003 PAWTUCKET RED SOX,8/7/2019,1 kWh,kWh,159.6,163.08,157.38,160.86,159.84,156.3,153.96,141.72,145.02,161.04,187.26,205.44,214.56,219.72,225.84,213.06,204.42,200.04,194.1,184.2,170.22,171.9,169.56,169.44
7810699003 PAWTUCKET RED SOX,8/7/2019,1 Power Factor,Power Factor,76.704355,76.17544000000001,76.69595699999999,75.882701,75.748132,76.011512,76.479169,75.903275,77.242688,79.084397,81.337773,81.981557,83.107613,82.94331600000001,83.274438,82.061887,81.153407,79.80294599999999,79.041907,78.196179,77.466273,76.945962,76.13740899999999,76.263185
7810699003 PAWTUCKET RED SOX,8/7/2019,2 kVAh,kVAh,208.08,214.08,205.2,211.98,211.02,205.62,201.3,186.72,187.74,203.58,230.22,250.5,258.18,264.9,271.2,259.62,251.88,250.62,245.58,235.5,219.72,223.38,222.72,222.18
7810699003 PAWTUCKET RED SOX,8/8/2019,1 kWh,kWh,163.02,160.86,157.68,155.4,152.04,149.4,147.9,147.72,147.54,157.56,181.44,187.62,203.16,202.62,192.54,202.98,188.52,183.6,171.0,171.54,170.46,168.36,166.2,157.08
7810699003 PAWTUCKET RED SOX,8/8/2019,1 Power Factor,Power Factor,76.06268299999999,75.909979,76.376489,75.616928,75.300562,75.636431,75.88744200000001,76.82394000000001,77.558538,78.436527,80.149479,81.18803,83.07135600000001,82.85193199999999,82.621183,82.463814,80.345589,79.187472,77.517889,76.821659,78.264169,77.492235,77.005625,77.11879
7810699003 PAWTUCKET RED SOX,8/8/2019,2 kVAh,kVAh,214.32,211.92,206.46,205.5,201.9,197.52,194.88,192.3,190.2,200.76,226.38,231.12,244.56,244.56,233.04,246.12,234.66,231.84,220.56,223.32,217.8,217.26,215.82,203.7
7810699003 PAWTUCKET RED SOX,8/9/2019,1 kWh,kWh,159.42,155.7,148.74,154.14,152.76,147.06,147.18,145.02,147.66,164.4,166.38,174.42,185.16,175.86,180.72,179.46,175.14,172.98,166.74,170.7,170.1,168.24,166.44,166.8
7810699003 PAWTUCKET RED SOX,8/9/2019,1 Power Factor,Power Factor,76.85655,76.635123,76.583323,76.410503,76.17683199999999,76.18638399999999,76.388437,76.549724,77.972652,79.661405,80.719514,81.062619,81.336048,80.32508399999999,80.813096,79.840649,79.469735,78.122778,77.368135,77.145653,78.381359,77.38235300000001,77.270635,77.261365
7810699003 PAWTUCKET RED SOX,8/9/2019,2 kVAh,kVAh,207.42,203.16,194.22,201.72,200.52,193.02,192.66,189.42,189.36,206.28,206.1,215.16,227.64,218.94,223.62,224.76,220.38,221.4,215.52,221.22,217.02,217.38,215.4,215.88
7810699003 PAWTUCKET RED SOX,8/10/2019,1 kWh,kWh,163.92,161.34,160.44,153.06,157.68,156.06,143.4,141.96,148.08,145.32,149.04,160.68,162.0,170.64,157.74,161.46,158.16,150.0,148.02,146.7,145.92,145.74,150.36,142.38
7810699003 PAWTUCKET RED SOX,8/10/2019,1 Power Factor,Power Factor,76.55036700000001,76.629964,77.172877,76.242212,76.51178900000001,76.253685,76.355804,76.484521,77.63346800000001,77.468007,78.165533,78.671298,78.462441,78.935452,79.933272,78.960954,77.879284,76.984808,76.40229000000001,76.130925,77.222435,76.333828,76.03596999999999,75.409225
7810699003 PAWTUCKET RED SOX,8/10/2019,2 kVAh,kVAh,214.14,210.54,207.9,200.76,206.1,204.66,187.8,185.58,190.74,187.56,190.68,204.24,206.46,216.18,197.34,204.48,203.1,194.82,193.74,192.72,188.94,190.92,197.76,188.82
7810699003 PAWTUCKET RED SOX,8/11/2019,1 kWh,kWh,139.44,140.22,138.36,135.24,135.0,140.52,135.12,134.52,138.54,141.36,137.94,141.96,140.34,140.22,143.94,146.28,158.04,157.02,153.0,153.9,155.88,154.14,156.96,153.96
7810699003 PAWTUCKET RED SOX,8/11/2019,1 Power Factor,Power Factor,75.99448000000001,75.801468,76.21919,75.129651,75.000745,75.539242,75.32026,75.33054,76.55645200000001,76.964902,76.794358,76.96848,77.37294200000001,77.46678,77.93531,76.858814,77.867941,77.286704,76.81062,76.910591,78.296761,77.105634,76.712796,76.23208100000001
7810699003 PAWTUCKET RED SOX,8/11/2019,2 kVAh,kVAh,183.48,184.98,181.5,180.0,180.0,186.06,179.4,178.56,180.96,183.66,179.64,184.44,181.38,181.02,184.68,190.32,202.98,203.16,199.2,200.1,199.08,199.92,204.6,201.96
7810699003 PAWTUCKET RED SOX,8/12/2019,1 kWh,kWh,150.9,152.1,147.6,147.6,146.88,142.62,142.56,137.1,140.34,154.32,172.14,179.34,184.02,185.94,198.18,196.92,192.42,192.24,189.42,183.84,185.82,189.72,188.1,174.84
7810699003 PAWTUCKET RED SOX,8/12/2019,1 Power Factor,Power Factor,76.253134,76.386698,76.80081700000001,76.259036,76.410791,76.406913,76.65175,76.627376,77.667041,78.116864,79.42582800000001,80.772376,81.82484000000001,81.828921,82.658874,82.384603,81.861009,81.35763,80.59859499999999,80.28253000000001,81.218173,80.603061,80.246763,78.655437
7810699003 PAWTUCKET RED SOX,8/12/2019,2 kVAh,kVAh,197.88,199.14,192.18,193.56,192.24,186.66,186.0,178.92,180.72,197.52,216.72,222.0,224.88,227.22,239.76,239.04,235.02,236.28,235.02,229.02,228.78,235.38,234.42,222.24
7810699003 PAWTUCKET RED SOX,8/13/2019,1 kWh,kWh,172.08,169.56,165.78,165.78,168.6,167.34,163.92,161.82,185.4,204.24,202.5,215.82,225.18,230.58,232.56,253.32,283.14,327.9,452.04,476.88,455.16,431.34,319.5,216.54
7810699003 PAWTUCKET RED SOX,8/13/2019,1 Power Factor,Power Factor,78.558829,78.485853,79.115531,78.204537,78.559694,78.60566800000001,78.3056,79.1022,81.956537,83.160499,83.355008,83.867285,84.31571600000001,84.388734,85.18696700000001,85.528485,86.481352,89.203599,94.252104,95.30102,95.359854,94.23915,89.706406,81.35594499999999
7810699003 PAWTUCKET RED SOX,8/13/2019,2 kVAh,kVAh,219.06,216.06,209.52,211.98,214.62,212.88,209.34,204.54,226.2,245.64,242.94,257.34,267.06,273.24,273.0,296.16,327.24,367.44,478.68,500.4,477.3,457.68,353.76,266.16
7810699003 PAWTUCKET RED SOX,8/14/2019,1 kWh,kWh,195.06,186.78,177.24,178.08,170.88,176.34,168.0,159.9,162.96,189.78,202.8,211.2,216.84,217.44,222.3,243.54,269.04,341.28,428.52,514.62,495.36,458.4,402.96,310.56
7810699003 PAWTUCKET RED SOX,8/14/2019,1 Power Factor,Power Factor,79.91097099999999,79.845377,80.184699,79.65442,79.556095,80.211504,79.635279,80.20128299999999,82.410457,84.917103,84.775026,84.83661,84.85452,84.635181,85.534338,85.45008,87.451302,90.110466,92.63722800000001,95.511276,95.65464200000001,95.42583499999999,94.68652800000001,90.23419799999999
7810699003 PAWTUCKET RED SOX,8/14/2019,2 kVAh,kVAh,244.08,233.94,221.04,223.56,214.8,219.84,210.96,199.38,197.76,223.44,239.22,248.94,255.54,256.92,259.92,285.0,307.14,378.6,461.16,538.8,517.86,480.36,425.52,342.72
7810699003 PAWTUCKET RED SOX,8/15/2019,1 kWh,kWh,212.34,173.1,162.9,154.92,155.34,146.94,153.84,175.68,195.84,248.7,336.6,363.9,382.2,368.76,328.14,258.36,226.26,214.44,196.2,195.36,186.3,189.36,186.3,185.58
7810699003 PAWTUCKET RED SOX,8/15/2019,1 Power Factor,Power Factor,82.27524100000001,77.705189,78.115288,76.978762,76.991795,76.822024,77.844701,81.513225,84.037401,87.180058,91.150713,91.147944,91.27462,90.28406,88.524026,86.01358499999999,84.12998,82.883707,81.746273,81.561513,82.145882,81.44865,81.431529,81.057799
7810699003 PAWTUCKET RED SOX,8/15/2019,2 kVAh,kVAh,257.46,222.78,208.56,201.24,201.78,191.28,197.58,215.52,233.04,284.58,369.24,399.24,418.74,408.42,370.56,300.24,268.92,258.72,240.0,239.52,226.8,232.5,228.78,228.96
7810699003 PAWTUCKET RED SOX,8/16/2019,1 kWh,kWh,189.3,181.38,181.98,168.96,166.44,163.44,160.44,159.0,175.56,190.86,210.96,213.6,229.32,226.38,242.1,262.08,335.82,414.84,432.72,525.3,507.36,459.06,397.44,271.2
7810699003 PAWTUCKET RED SOX,8/16/2019,1 Power Factor,Power Factor,81.14608100000001,81.641242,82.085362,79.888436,80.13247,80.424858,80.617448,81.357351,83.03441600000001,84.522035,86.157763,86.025408,86.002724,85.981055,86.274642,86.919185,89.932558,91.36927800000001,91.513835,94.99704799999999,95.041715,94.654763,94.183298,86.83827099999999
7810699003 PAWTUCKET RED SOX,8/16/2019,2 kVAh,kVAh,233.28,222.18,221.7,211.5,207.72,203.22,199.02,195.48,211.44,225.78,244.92,248.28,266.64,263.28,280.62,301.5,373.08,453.9,472.86,552.96,533.82,484.98,421.98,309.24
7810699003 PAWTUCKET RED SOX,8/17/2019,1 kWh,kWh,202.92,193.8,187.14,186.18,183.9,182.34,174.36,169.98,180.54,199.92,213.9,221.76,235.44,250.38,260.16,292.74,387.9,483.78,550.32,544.08,505.5,479.04,419.52,389.82
7810699003 PAWTUCKET RED SOX,8/17/2019,1 Power Factor,Power Factor,80.208162,79.849458,80.554007,80.021538,79.965558,79.887838,79.455915,80.023063,81.724624,82.443128,84.500652,84.98473,85.25783299999999,85.579887,87.19573100000001,87.99271,90.601729,93.460066,95.273288,95.382029,95.052658,94.452184,92.67564899999999,93.66510600000001
7810699003 PAWTUCKET RED SOX,8/17/2019,2 kVAh,kVAh,252.96,242.7,232.32,232.68,229.98,228.24,219.42,212.4,220.92,242.46,253.14,260.94,276.12,292.56,298.38,332.22,428.1,516.96,577.62,570.42,531.78,507.18,451.62,416.16
7810699003 PAWTUCKET RED SOX,8/18/2019,1 kWh,kWh,328.8,214.02,204.84,203.16,195.42,194.34,189.6,210.6,216.3,243.84,317.34,364.38,391.44,411.36,390.6,354.54,287.7,253.14,232.2,220.14,215.64,208.08,210.48,206.88
7810699003 PAWTUCKET RED SOX,8/18/2019,1 Power Factor,Power Factor,90.30068299999999,80.591096,80.94078,80.604699,80.422719,80.69199,80.35175500000001,81.91354799999999,82.287988,84.168583,89.231995,89.614864,90.184913,90.35186800000001,89.602469,88.043275,84.925903,83.014475,80.804887,79.84092199999999,80.139589,79.874441,79.832904,79.57549200000001
7810699003 PAWTUCKET RED SOX,8/18/2019,2 kVAh,kVAh,361.56,265.56,253.08,252.06,243.0,240.84,235.92,257.1,262.86,289.68,355.44,406.56,434.04,455.28,435.9,402.6,338.64,304.86,287.34,275.7,269.1,260.52,263.64,259.98
7810699003 PAWTUCKET RED SOX,8/19/2019,1 kWh,kWh,197.76,205.32,198.66,200.76,193.56,191.82,189.18,180.9,182.1,203.58,218.22,226.92,225.96,232.5,233.94,233.82,225.6,200.34,197.1,187.26,193.62,193.86,187.86,188.88
7810699003 PAWTUCKET RED SOX,8/19/2019,1 Power Factor,Power Factor,79.669239,79.840282,80.147639,79.722702,79.735444,80.286651,80.040735,80.057298,81.261186,83.025855,84.461663,84.321413,84.287072,84.13367,84.484052,84.15082199999999,82.803067,81.04119399999999,80.532117,79.775366,80.63267900000001,80.880063,81.047728,80.737758
7810699003 PAWTUCKET RED SOX,8/19/2019,2 kVAh,kVAh,248.22,257.16,247.86,251.82,242.76,238.92,236.34,225.96,224.1,245.16,258.36,269.1,268.08,276.36,276.9,277.86,272.4,247.2,244.74,234.72,240.12,239.7,231.78,233.94
7810699003 PAWTUCKET RED SOX,8/20/2019,1 kWh,kWh,190.14,187.26,181.08,185.52,183.42,178.02,175.5,171.78,179.04,188.52,203.22,201.54,206.04,206.7,198.3,193.92,186.84,182.22,178.26,174.96,168.6,166.92,162.84,166.74
7810699003 PAWTUCKET RED SOX,8/20/2019,1 Power Factor,Power Factor,80.44909100000001,80.600447,80.95420899999999,80.269195,80.624413,81.39805600000001,81.044358,81.340864,82.133721,83.030112,83.668591,82.811313,83.128499,82.552139,82.73682600000001,81.618696,80.98349300000001,79.91725,78.557008,78.299536,78.36117,78.38646899999999,78.142696,77.946623
7810699003 PAWTUCKET RED SOX,8/20/2019,2 kVAh,kVAh,236.34,232.32,223.68,231.12,227.52,218.7,216.54,211.2,217.98,227.04,242.88,243.36,247.86,250.38,239.64,237.6,230.7,228.0,226.92,223.44,215.16,212.94,208.38,213.9
7810699003 PAWTUCKET RED SOX,8/21/2019,1 kWh,kWh,169.44,161.22,164.22,162.6,157.2,159.96,153.24,146.16,150.84,168.54,186.84,203.58,205.5,204.18,200.22,188.64,179.4,172.56,166.26,170.52,174.96,166.92,163.62,162.42
7810699003 PAWTUCKET RED SOX,8/21/2019,1 Power Factor,Power Factor,77.62654599999999,77.484491,77.688123,77.480009,77.67643699999999,77.949387,78.167514,77.930269,78.16034300000001,80.345839,81.537144,82.551713,82.710886,82.61965699999999,82.814892,81.062499,79.27175600000001,78.154612,77.036237,77.745769,78.785267,78.016737,78.687415,78.396879
7810699003 PAWTUCKET RED SOX,8/21/2019,2 kVAh,kVAh,218.28,208.08,211.38,209.88,202.38,205.2,196.02,187.56,193.02,209.64,229.14,246.6,248.46,247.14,241.8,232.68,226.26,220.8,215.82,219.3,222.06,213.96,207.9,207.18
7810699003 PAWTUCKET RED SOX,8/22/2019,1 kWh,kWh,163.44,161.64,159.0,165.24,160.86,160.62,153.0,151.86,154.68,172.14,187.2,222.42,238.02,240.0,228.36,233.82,227.16,217.38,201.42,200.4,183.36,174.0,171.0,169.38
7810699003 PAWTUCKET RED SOX,8/22/2019,1 Power Factor,Power Factor,77.786307,77.99606999999999,78.43808299999999,78.23687199999999,78.074246,78.067521,77.949051,78.561293,79.62,80.445619,81.582497,84.068118,84.87227299999999,84.154472,84.438035,83.594773,82.772995,81.87261600000001,80.53914499999999,80.325307,78.642597,77.62441899999999,76.924176,76.69124000000001
7810699003 PAWTUCKET RED SOX,8/22/2019,2 kVAh,kVAh,210.12,207.24,202.68,211.2,206.04,205.74,196.26,193.32,194.28,213.96,229.38,264.54,280.44,285.18,270.42,279.72,274.44,265.5,250.08,249.48,233.16,224.16,222.3,220.86
7810699003 PAWTUCKET RED SOX,8/23/2019,1 kWh,kWh,164.28,163.62,157.74,157.08,150.0,150.42,142.5,138.18,143.16,157.2,160.38,171.84,191.94,192.6,193.02,198.0,209.64,261.0,329.7,394.86,393.36,380.04,352.68,328.08
7810699003 PAWTUCKET RED SOX,8/23/2019,1 Power Factor,Power Factor,76.138498,75.90457099999999,76.54084,75.993288,75.22761700000001,75.749875,74.888882,75.134863,76.87568900000001,78.130013,79.410445,81.226741,80.884107,81.57249,82.594145,81.968422,82.94623100000001,86.724899,91.606748,95.113348,95.207768,94.822538,94.607202,94.161175
7810699003 PAWTUCKET RED SOX,8/23/2019,2 kVAh,kVAh,215.76,215.58,206.04,206.7,199.38,198.54,190.26,183.9,186.18,201.18,201.96,211.56,237.3,236.1,233.7,241.56,252.6,300.84,358.98,415.14,413.16,400.8,372.78,348.42
7810699003 PAWTUCKET RED SOX,8/24/2019,1 kWh,kWh,296.94,155.88,148.08,144.6,141.84,144.36,129.84,126.24,125.76,133.02,132.78,139.56,133.68,133.62,135.18,136.14,139.92,138.0,135.84,133.2,132.66,136.08,133.8,136.5
7810699003 PAWTUCKET RED SOX,8/24/2019,1 Power Factor,Power Factor,93.612225,77.208081,75.955454,75.40693399999999,75.308376,75.493473,75.132234,75.244017,76.226736,76.041443,76.387249,76.484353,76.142156,76.188989,76.625232,76.21514,76.23192900000001,76.160354,75.641888,75.885542,76.561705,75.674301,75.722672,75.33021
7810699003 PAWTUCKET RED SOX,8/24/2019,2 kVAh,kVAh,317.1,201.66,194.94,191.76,188.34,191.22,172.8,167.76,165.0,174.9,173.82,182.46,175.56,175.38,176.4,178.62,183.54,181.14,179.58,175.5,173.28,179.82,176.7,181.2
7810699003 PAWTUCKET RED SOX,8/25/2019,1 kWh,kWh,131.7,129.66,129.3,124.38,130.44,129.84,125.7,123.54,122.04,125.1,127.2,124.92,129.0,134.4,151.08,153.84,160.44,160.32,153.0,150.36,155.28,161.34,160.5,161.64
7810699003 PAWTUCKET RED SOX,8/25/2019,1 Power Factor,Power Factor,74.76733,75.47744200000001,75.530537,74.78384399999999,74.98809399999999,74.881425,74.982388,75.284329,76.154202,75.623106,75.72460699999999,75.48988100000001,75.834964,77.352734,81.121459,80.98134,80.638723,80.385323,80.243209,80.703017,81.925269,81.18804899999999,81.354325,81.121943
7810699003 PAWTUCKET RED SOX,8/25/2019,2 kVAh,kVAh,176.16,171.78,171.18,166.32,173.94,173.4,167.64,164.1,160.26,165.42,167.94,165.48,170.1,173.7,186.24,189.96,198.96,199.44,190.68,186.3,189.54,198.72,197.28,199.26
7810699003 PAWTUCKET RED SOX,8/26/2019,1 kWh,kWh,159.78,155.4,153.6,150.54,144.66,140.04,135.6,141.18,147.42,166.14,175.44,177.84,190.86,196.14,197.58,212.7,261.06,358.5,385.14,481.5,460.92,416.4,377.1,311.34
7810699003 PAWTUCKET RED SOX,8/26/2019,1 Power Factor,Power Factor,80.720653,80.135549,80.494381,79.852921,79.33488100000001,79.65921,79.69049100000001,80.51752900000001,81.685142,82.809311,83.685231,83.776167,84.842224,85.418939,85.137695,85.421324,88.094549,92.427409,92.350034,96.225055,96.035519,95.525631,95.546637,94.193421
7810699003 PAWTUCKET RED SOX,8/26/2019,2 kVAh,kVAh,197.94,193.92,190.8,188.52,182.34,175.8,170.16,175.32,180.48,200.58,209.64,212.28,224.94,229.62,232.08,249.0,295.14,387.84,416.82,500.4,479.94,435.9,394.68,330.42
7810699003 PAWTUCKET RED SOX,8/27/2019,1 kWh,kWh,231.18,169.62,157.14,152.22,149.94,152.52,141.84,153.78,154.44,177.48,191.46,186.54,184.8,192.48,195.66,209.4,230.22,278.88,452.46,452.34,427.5,393.78,312.3,186.06
7810699003 PAWTUCKET RED SOX,8/27/2019,1 Power Factor,Power Factor,87.473685,81.070791,80.734301,80.082739,79.942449,80.61049100000001,80.68100799999999,81.69787099999999,83.117712,85.188641,86.188513,85.453665,85.014156,85.866013,86.406151,86.858235,87.179119,89.778565,96.23885899999999,96.39429200000001,96.20090400000001,95.68150200000001,93.78139,81.716313
7810699003 PAWTUCKET RED SOX,8/27/2019,2 kVAh,kVAh,261.6,209.16,194.64,190.08,187.56,189.24,175.8,188.22,185.82,208.2,222.12,218.28,217.38,224.16,226.44,241.08,264.06,310.26,470.16,469.26,444.36,411.54,332.76,227.7
7810699003 PAWTUCKET RED SOX,8/28/2019,1 kWh,kWh,170.58,165.18,160.26,155.28,155.22,155.94,147.48,151.38,158.94,178.38,183.18,187.8,192.54,194.46,197.22,242.4,253.74,197.04,184.86,162.3,159.36,159.36,156.0,160.62
7810699003 PAWTUCKET RED SOX,8/28/2019,1 Power Factor,Power Factor,80.20133100000001,79.78086,80.5256,79.655939,79.648964,80.287841,80.199445,82.196611,83.983593,85.43119899999999,85.709492,86.013763,85.536787,86.103257,86.554416,89.848196,89.667465,84.964376,83.832696,81.785026,82.306983,81.521849,81.278322,80.949766
7810699003 PAWTUCKET RED SOX,8/28/2019,2 kVAh,kVAh,212.64,207.06,199.02,194.94,194.88,194.22,183.9,184.14,189.24,208.74,213.72,218.34,225.12,225.84,227.76,269.82,282.9,231.96,220.5,198.48,193.62,195.48,191.94,198.42
7810699003 PAWTUCKET RED SOX,8/29/2019,1 kWh,kWh,157.5,157.86,157.32,159.42,154.44,150.6,152.28,146.58,156.06,167.46,177.48,175.68,187.68,200.34,238.08,292.62,373.14,388.02,414.36,507.78,479.16,450.42,414.66,383.52
7810699003 PAWTUCKET RED SOX,8/29/2019,1 Power Factor,Power Factor,80.644964,80.635644,81.150941,81.006093,80.94703100000001,81.441413,81.32265799999999,81.577656,82.975577,83.65895,84.251819,84.452602,84.738632,85.34872299999999,88.46446800000001,89.213013,91.608627,91.57559300000001,92.862654,95.573751,95.594145,95.133381,95.08771999999999,95.046971
7810699003 PAWTUCKET RED SOX,8/29/2019,2 kVAh,kVAh,195.3,195.78,193.86,196.8,190.8,184.92,187.26,179.7,188.1,200.16,210.66,208.02,221.46,234.72,269.04,327.42,407.22,423.72,445.74,531.3,501.24,473.46,436.08,403.5
7810699003 PAWTUCKET RED SOX,8/30/2019,1 kWh,kWh,313.62,269.22,187.02,171.0,158.7,167.82,151.98,147.9,164.94,182.82,203.82,204.18,207.42,220.2,227.7,287.16,350.46,361.92,475.62,495.12,481.68,454.26,410.1,255.54
7810699003 PAWTUCKET RED SOX,8/30/2019,1 Power Factor,Power Factor,93.259739,89.96133499999999,80.942385,80.309264,80.276948,80.468447,79.429243,80.254603,81.91,82.61012,84.740468,84.446773,84.728705,85.24728,85.95810999999999,88.253342,89.506304,89.416106,94.257705,94.865076,95.048959,94.505215,94.227175,85.926105
7810699003 PAWTUCKET RED SOX,8/30/2019,2 kVAh,kVAh,336.24,297.0,231.06,212.94,197.7,208.56,191.34,184.32,201.42,221.16,240.54,241.8,244.8,258.3,264.9,325.26,391.56,404.76,504.6,521.88,506.76,480.66,435.18,295.02
7810699003 PAWTUCKET RED SOX,8/31/2019,1 kWh,kWh,214.26,191.76,185.58,181.56,177.66,175.74,166.86,165.12,172.5,173.58,192.9,199.68,220.74,227.4,248.28,302.88,324.3,349.32,503.1,498.48,476.28,410.22,383.34,337.74
7810699003 PAWTUCKET RED SOX,8/31/2019,1 Power Factor,Power Factor,82.037561,80.72779200000001,81.073656,80.349595,80.02583299999999,79.964984,79.88950600000001,80.235236,81.909953,82.276862,83.900612,84.090138,85.708238,86.531227,87.662263,89.46073,89.855676,90.498296,96.095842,96.0365,96.017629,93.645054,94.914991,94.302565
7810699003 PAWTUCKET RED SOX,8/31/2019,2 kVAh,kVAh,261.18,237.54,228.9,225.96,222.0,219.78,208.86,205.8,210.6,210.96,229.92,237.36,257.52,262.8,283.2,338.46,360.9,385.98,523.56,519.06,496.02,436.68,403.86,358.14
7810699003 PAWTUCKET RED SOX,9/1/2019,1 kWh,kWh,231.12,171.48,166.02,161.1,159.66,155.58,156.9,164.7,177.72,187.5,227.94,269.28,298.26,316.5,322.8,283.02,238.68,211.56,187.2,169.5,163.74,169.92,169.32,166.92
7810699003 PAWTUCKET RED SOX,9/1/2019,1 Power Factor,Power Factor,85.169103,79.969212,80.740934,80.320302,80.079216,80.257397,79.89680600000001,80.469076,83.276637,83.923601,86.994116,89.272132,90.000793,90.197443,89.901146,87.57837099999999,85.09744599999999,83.261762,81.374703,80.391328,80.927706,80.291373,79.607987,80.037722
7810699003 PAWTUCKET RED SOX,9/1/2019,2 kVAh,kVAh,267.78,214.44,205.62,200.58,199.38,193.86,196.38,204.66,213.42,223.38,261.84,301.62,331.38,350.88,359.04,323.04,280.44,254.04,230.04,210.84,202.32,211.62,212.7,208.56
7810699003 PAWTUCKET RED SOX,9/2/2019,1 kWh,kWh,165.6,156.78,160.32,155.34,155.22,151.44,148.62,165.9,179.7,191.88,233.7,290.4,308.4,313.86,306.66,284.7,257.04,210.54,199.26,203.46,195.36,200.94,193.98,190.14
7810699003 PAWTUCKET RED SOX,9/2/2019,1 Power Factor,Power Factor,79.761173,79.327854,79.73713199999999,78.78893199999999,78.895297,78.902951,78.758758,80.077209,80.769976,81.984229,86.13313199999999,88.921844,89.533147,89.465003,88.88305,87.316574,85.949864,83.875333,82.961404,82.764308,83.124941,82.313627,81.400482,81.59444
7810699003 PAWTUCKET RED SOX,9/2/2019,2 kVAh,kVAh,207.6,197.64,201.06,197.16,196.74,191.94,188.7,207.12,222.48,234.06,270.96,326.52,344.46,350.76,345.0,326.04,298.98,250.98,240.18,245.82,235.02,244.14,238.32,233.04
7810699003 PAWTUCKET RED SOX,9/3/2019,1 kWh,kWh,176.4,178.86,173.52,172.26,169.98,165.72,163.74,154.62,161.82,169.86,176.28,171.72,174.06,176.1,172.38,160.56,161.04,160.32,159.06,152.22,157.68,157.32,160.56,155.4
7810699003 PAWTUCKET RED SOX,9/3/2019,1 Power Factor,Power Factor,79.937392,80.041185,80.36023399999999,79.812563,79.91663199999999,80.28928,80.988996,80.734199,81.33828100000001,80.568751,81.752751,80.437481,81.192212,80.855491,80.64823100000001,77.67938199999999,76.992176,76.69935100000001,76.132401,75.840599,77.029555,76.133871,76.54334200000001,75.885666
7810699003 PAWTUCKET RED SOX,9/3/2019,2 kVAh,kVAh,220.68,223.5,215.94,215.82,212.7,206.4,202.2,191.52,198.96,210.78,215.64,213.48,214.38,217.8,213.72,206.7,209.16,209.04,208.92,200.7,204.72,206.64,209.76,204.78
7810699003 PAWTUCKET RED SOX,9/4/2019,1 kWh,kWh,157.38,153.84,151.8,150.72,147.24,147.6,142.5,134.16,134.76,150.12,157.32,168.84,172.92,168.48,176.28,169.68,172.2,162.54,158.22,157.14,155.58,157.32,154.2,151.2
7810699003 PAWTUCKET RED SOX,9/4/2019,1 Power Factor,Power Factor,75.418227,75.10689599999999,76.551764,75.645473,75.551905,76.739633,76.31004399999999,75.718678,76.445833,78.362042,79.449065,80.833826,80.976467,80.87227800000001,81.573062,79.81205899999999,78.69535400000001,76.963999,76.289614,77.187101,78.126888,76.931539,77.15090699999999,77.084562
7810699003 PAWTUCKET RED SOX,9/4/2019,2 kVAh,kVAh,208.68,204.84,198.3,199.26,194.88,192.36,186.72,177.12,176.28,191.46,198.0,208.86,213.54,208.32,216.12,212.58,218.82,211.2,207.36,203.58,199.14,204.48,199.86,196.14
7810699003 PAWTUCKET RED SOX,9/5/2019,1 kWh,kWh,148.68,150.18,147.18,142.92,133.92,137.76,127.2,124.44,122.88,124.44,131.7,139.5,136.92,134.52,132.18,127.26,129.0,131.58,127.26,123.24,130.68,132.42,126.06,125.94
7810699003 PAWTUCKET RED SOX,9/5/2019,1 Power Factor,Power Factor,76.55194200000001,76.643789,77.185426,76.03388299999999,75.84571,76.410847,76.23419399999999,76.557073,76.671181,76.584967,77.586566,79.16800500000001,78.60569699999999,77.796475,77.729433,75.312624,74.53004399999999,74.112667,73.267881,73.632025,76.05233199999999,75.610419,75.198696,74.779756
7810699003 PAWTUCKET RED SOX,9/5/2019,2 kVAh,kVAh,194.22,195.96,190.68,187.98,176.58,180.3,166.86,162.54,160.26,162.48,169.74,176.1,174.18,172.92,170.1,168.96,173.04,177.54,173.7,167.34,171.84,175.14,167.64,168.42
7810699003 PAWTUCKET RED SOX,9/6/2019,1 kWh,kWh,123.84,123.66,126.66,124.32,124.62,124.08,121.44,115.68,118.38,121.92,119.1,125.82,135.42,136.5,134.4,126.78,125.4,126.36,125.76,128.34,133.38,132.3,134.64,130.68
7810699003 PAWTUCKET RED SOX,9/6/2019,1 Power Factor,Power Factor,74.84191700000001,75.45924000000001,75.865149,74.744851,75.224387,75.39194,75.34542900000001,75.42740500000001,76.468028,75.625389,75.90732,76.802132,77.154885,77.908068,77.995414,74.961901,74.461025,74.44550100000001,74.166303,74.997297,76.89095400000001,75.927711,75.427194,75.674723
7810699003 PAWTUCKET RED SOX,9/6/2019,2 kVAh,kVAh,165.48,163.86,166.92,166.32,165.66,164.58,161.16,153.36,154.8,161.22,156.9,163.8,175.5,175.2,172.32,169.14,168.42,169.74,169.56,171.12,173.46,174.24,178.5,172.68
7810699003 PAWTUCKET RED SOX,9/7/2019,1 kWh,kWh,131.16,129.66,129.06,131.88,130.14,124.14,118.02,108.06,110.1,112.56,105.12,112.02,118.68,116.34,121.32,119.16,123.66,121.26,117.3,114.24,124.14,123.72,123.78,122.16
7810699003 PAWTUCKET RED SOX,9/7/2019,1 Power Factor,Power Factor,75.665695,75.35064399999999,76.357739,75.744502,75.46879399999999,75.511488,74.926837,73.950082,76.10462700000001,75.125955,75.811591,76.118615,76.933908,76.616551,77.825388,76.560519,76.973899,76.116618,76.31144,76.34603,78.94480300000001,77.511827,77.29341,76.67994200000001
7810699003 PAWTUCKET RED SOX,9/7/2019,2 kVAh,kVAh,173.34,172.08,169.02,174.12,172.44,164.4,157.5,146.16,144.66,149.82,138.66,147.12,154.26,151.86,155.88,155.64,160.62,159.3,153.72,149.64,157.26,159.6,160.14,159.3
7810699003 PAWTUCKET RED SOX,9/8/2019,1 kWh,kWh,121.98,120.48,123.6,124.32,123.18,120.78,117.72,109.44,118.26,118.56,119.88,117.48,121.14,120.48,128.46,123.72,132.78,134.7,131.64,129.66,134.58,136.2,133.5,135.54
7810699003 PAWTUCKET RED SOX,9/8/2019,1 Power Factor,Power Factor,76.54355699999999,76.14662299999999,77.386756,76.236274,76.459925,76.190937,76.193387,75.24797099999999,77.47616500000001,76.262883,76.902817,76.483947,76.942348,76.842641,77.472701,76.2931,76.36607099999999,76.356624,76.228285,76.765498,78.275552,76.88655200000001,76.912529,76.288066
7810699003 PAWTUCKET RED SOX,9/8/2019,2 kVAh,kVAh,159.36,158.22,159.72,163.08,161.1,158.52,154.5,145.44,152.64,155.46,155.88,153.6,157.44,156.78,165.78,162.12,173.88,176.4,172.68,168.9,171.96,177.12,173.58,177.66
7810699003 PAWTUCKET RED SOX,9/9/2019,1 kWh,kWh,131.64,127.02,128.28,130.98,129.72,127.92,124.14,117.36,120.06,134.1,139.92,150.36,148.98,154.8,150.9,153.84,144.66,137.16,135.66,133.8,132.54,141.36,136.26,139.74
7810699003 PAWTUCKET RED SOX,9/9/2019,1 Power Factor,Power Factor,76.081378,76.219803,77.015437,76.941427,76.74860100000001,77.27102099999999,77.593456,77.093241,77.828616,79.887869,80.38493000000001,81.686286,81.516796,81.699167,81.817274,80.53509100000001,79.412447,77.064939,76.306812,76.608804,78.162626,77.27041899999999,77.123819,76.728037
7810699003 PAWTUCKET RED SOX,9/9/2019,2 kVAh,kVAh,173.04,166.62,166.56,170.22,169.02,165.54,159.96,152.22,154.26,167.76,174.06,184.08,182.76,189.48,184.44,191.04,182.16,177.96,177.78,174.6,169.56,182.94,176.7,182.1
7810699003 PAWTUCKET RED SOX,9/10/2019,1 kWh,kWh,139.68,135.84,130.44,136.56,131.64,134.7,128.4,120.72,123.42,138.3,154.74,160.32,161.22,170.64,176.82,179.7,169.38,165.12,265.14,268.98,265.74,258.66,205.5,136.98
7810699003 PAWTUCKET RED SOX,9/10/2019,1 Power Factor,Power Factor,76.483956,76.79063000000001,77.392967,76.761937,76.733275,77.654473,77.290834,77.482867,78.79938299999999,80.564327,81.956345,82.115034,81.86542299999999,83.81616600000001,84.92733199999999,83.706313,82.630036,81.710418,93.324483,94.06512099999999,94.55112700000001,93.433247,85.903054,75.62191999999999
7810699003 PAWTUCKET RED SOX,9/10/2019,2 kVAh,kVAh,182.64,176.88,168.54,177.9,171.54,173.46,166.08,155.82,156.6,171.66,188.82,195.24,196.92,203.58,208.2,214.68,204.96,202.08,283.92,285.96,281.04,276.84,235.92,181.14
7810699003 PAWTUCKET RED SOX,9/11/2019,1 kWh,kWh,134.1,134.82,136.68,133.44,137.4,136.38,126.12,116.64,117.48,134.04,150.42,169.98,182.04,181.08,187.68,183.9,179.88,176.76,169.26,161.58,163.62,155.16,158.52,156.24
7810699003 PAWTUCKET RED SOX,9/11/2019,1 Power Factor,Power Factor,75.654843,75.52350799999999,76.083353,75.508774,75.78837,76.071925,76.11105699999999,75.586313,76.593903,79.604703,81.346112,83.58766700000001,84.232377,84.136049,84.597257,83.167916,82.081845,81.085798,80.661301,80.412116,81.084285,79.28739200000001,79.237905,78.983579
7810699003 PAWTUCKET RED SOX,9/11/2019,2 kVAh,kVAh,177.24,178.5,179.64,176.7,181.32,179.28,165.66,154.32,153.36,168.36,184.8,203.34,216.12,215.22,221.88,221.1,219.12,217.98,209.82,200.94,201.78,195.66,200.04,197.82
7810699003 PAWTUCKET RED SOX,9/12/2019,1 kWh,kWh,154.02,155.76,149.94,150.0,151.02,149.52,146.1,141.18,137.16,150.0,147.66,152.46,155.82,153.6,146.58,147.72,145.68,134.1,131.64,131.16,135.18,138.96,138.0,138.66
7810699003 PAWTUCKET RED SOX,9/12/2019,1 Power Factor,Power Factor,78.865984,78.827189,79.58805,78.616687,78.56031999999999,79.060905,79.275391,79.357803,79.932895,81.295218,81.62213,82.48252,82.945038,82.981261,83.209262,82.154394,82.465735,80.105272,79.37207,79.59976999999999,81.21764300000001,80.276247,80.140661,79.88325
7810699003 PAWTUCKET RED SOX,9/12/2019,2 kVAh,kVAh,195.3,197.58,188.4,190.8,192.24,189.12,184.32,177.9,171.6,184.5,180.9,184.86,187.86,185.1,176.16,179.82,176.64,167.4,165.84,164.76,166.44,173.1,172.2,173.58
7810699003 PAWTUCKET RED SOX,9/13/2019,1 kWh,kWh,135.66,135.3,132.96,133.44,130.74,128.16,126.72,121.62,116.82,131.58,134.46,150.54,155.52,155.64,159.48,144.84,142.38,135.24,135.66,132.24,133.14,133.08,134.16,133.38
7810699003 PAWTUCKET RED SOX,9/13/2019,1 Power Factor,Power Factor,80.448614,80.303005,81.6815,81.024332,81.51790799999999,81.528745,81.70282900000001,81.442337,82.633253,82.92866,83.365368,83.63107099999999,84.568874,84.438395,84.945054,82.49675500000001,81.960826,80.18040699999999,80.029634,80.414401,81.369454,80.361425,79.891389,79.509333
7810699003 PAWTUCKET RED SOX,9/13/2019,2 kVAh,kVAh,168.66,168.48,162.78,164.7,160.38,157.2,155.1,149.34,141.36,158.64,161.34,180.0,183.9,184.32,187.74,175.56,173.7,168.66,169.5,164.4,163.62,165.6,167.94,167.76
7810699003 PAWTUCKET RED SOX,9/14/2019,1 kWh,kWh,135.06,128.58,130.5,130.32,129.66,130.38,122.4,113.88,117.48,121.74,126.0,130.86,133.38,132.54,138.42,145.86,146.94,245.04,251.64,286.98,285.12,287.7,280.86,231.3
7810699003 PAWTUCKET RED SOX,9/14/2019,1 Power Factor,Power Factor,79.471909,79.393588,80.650621,79.79269000000001,79.891052,79.97991400000001,79.24583100000001,79.413348,80.576666,79.94452700000001,80.955108,80.65492900000001,80.8583,81.10198299999999,82.250877,82.403615,82.14818100000001,94.985918,95.561054,96.612773,96.885506,96.382512,96.239195,90.525327
7810699003 PAWTUCKET RED SOX,9/14/2019,2 kVAh,kVAh,169.92,161.94,161.82,163.32,162.3,163.02,154.44,143.4,145.8,152.28,155.64,162.24,164.94,163.44,168.3,177.0,178.86,257.88,263.34,297.06,294.3,298.5,291.84,252.72
7810699003 PAWTUCKET RED SOX,9/15/2019,1 kWh,kWh,117.18,112.74,105.72,110.52,105.72,111.9,111.18,103.32,103.62,114.06,117.42,118.2,118.56,109.86,102.0,106.86,117.06,124.56,116.64,111.3,117.78,113.88,121.38,112.08
7810699003 PAWTUCKET RED SOX,9/15/2019,1 Power Factor,Power Factor,74.588593,73.998154,74.332918,73.46072,73.04389599999999,73.395519,72.536411,72.19874899999999,74.220359,75.093882,76.29764899999999,76.391739,76.2269,75.22249599999999,73.753097,72.949069,73.508971,74.04592099999999,73.15035999999999,73.004182,74.922552,73.057115,73.154958,72.438714
7810699003 PAWTUCKET RED SOX,9/15/2019,2 kVAh,kVAh,157.08,152.34,142.2,150.42,144.72,152.46,153.3,143.1,139.62,151.86,153.9,154.74,155.52,145.98,138.24,146.4,159.24,168.18,159.42,152.46,157.2,155.82,165.9,154.62
7810699003 PAWTUCKET RED SOX,9/16/2019,1 kWh,kWh,115.98,112.56,118.86,115.68,106.86,107.64,107.76,103.02,108.3,124.26,136.2,137.04,140.7,142.5,145.86,144.42,129.84,126.66,128.28,118.08,121.44,120.06,115.56,120.12
7810699003 PAWTUCKET RED SOX,9/16/2019,1 Power Factor,Power Factor,73.07624200000001,73.477174,74.338201,72.610014,72.132426,73.10502199999999,73.154033,73.15844399999999,75.79523,78.511442,80.410921,80.084947,79.66272,80.482116,81.528275,80.501115,78.37991099999999,77.365452,76.393434,75.347539,76.494721,75.278994,74.819443,75.432119
7810699003 PAWTUCKET RED SOX,9/16/2019,2 kVAh,kVAh,158.7,153.18,159.9,159.3,148.14,147.24,147.3,140.82,142.86,158.16,169.38,171.12,176.64,177.06,178.92,179.4,165.66,163.68,167.88,156.72,158.76,159.48,154.44,159.24
7810699003 PAWTUCKET RED SOX,9/17/2019,1 kWh,kWh,116.94,117.06,116.34,115.74,111.6,111.06,99.78,102.12,103.74,117.42,129.96,145.98,144.48,150.54,145.74,138.6,127.68,127.38,114.96,111.0,112.02,112.62,121.38,112.38
7810699003 PAWTUCKET RED SOX,9/17/2019,1 Power Factor,Power Factor,74.698307,74.520937,75.751126,74.767145,75.059657,76.076136,75.920973,76.255447,77.916312,78.553588,80.388588,82.528921,83.262869,82.50619,82.678274,78.854951,76.846711,75.54988399999999,73.19881600000001,73.208787,74.499573,73.433513,74.81432099999999,73.602908
7810699003 PAWTUCKET RED SOX,9/17/2019,2 kVAh,kVAh,156.54,157.08,153.54,154.8,148.68,145.98,131.4,133.92,133.14,149.46,161.58,176.88,173.52,182.46,176.28,175.74,166.14,168.54,156.96,151.56,150.36,153.36,162.24,152.64
7810699003 PAWTUCKET RED SOX,9/18/2019,1 kWh,kWh,109.32,107.22,109.08,113.58,116.76,107.94,102.66,96.42,101.52,112.56,125.7,137.4,132.54,132.78,136.26,135.12,129.36,122.34,103.86,104.76,107.1,110.16,110.1,108.72
7810699003 PAWTUCKET RED SOX,9/18/2019,1 Power Factor,Power Factor,73.309529,73.661466,74.959138,74.40389499999999,74.612657,74.273843,74.21774,74.366004,76.910565,78.330617,81.545073,83.273077,81.634244,81.906472,83.27628100000001,81.55958299999999,80.537343,78.961708,75.127348,76.785271,78.213701,76.69336700000001,76.04181,75.779395
7810699003 PAWTUCKET RED SOX,9/18/2019,2 kVAh,kVAh,149.1,145.56,145.5,152.64,156.48,145.32,138.3,129.66,132.0,143.7,153.9,164.88,162.36,162.12,163.62,165.66,160.62,154.86,138.24,136.44,136.92,143.64,144.78,143.46
7810699003 PAWTUCKET RED SOX,9/19/2019,1 kWh,kWh,104.76,108.48,107.58,106.98,113.4,108.42,98.82,107.34,112.02,123.48,123.66,131.7,129.54,129.36,139.74,140.82,140.7,128.16,120.66,117.24,119.7,120.84,120.6,119.46
7810699003 PAWTUCKET RED SOX,9/19/2019,1 Power Factor,Power Factor,76.07870600000001,76.35598399999999,77.382267,76.427911,77.07231999999999,77.522809,76.785967,77.939989,80.18231800000001,82.12296500000001,82.552583,82.767207,82.59595,82.82678299999999,84.899342,84.301664,83.81938199999999,81.385007,80.211271,80.080656,80.965721,79.53748,79.065333,78.793002
7810699003 PAWTUCKET RED SOX,9/19/2019,2 kVAh,kVAh,137.7,142.08,139.02,139.98,147.12,139.86,128.7,137.7,139.68,150.36,149.82,159.12,156.84,156.18,164.64,167.04,167.88,157.44,150.42,146.4,147.84,151.92,152.52,151.62
7810699003 PAWTUCKET RED SOX,9/20/2019,1 kWh,kWh,118.32,114.96,117.3,121.86,118.74,118.5,104.58,102.66,112.62,121.92,125.58,136.62,142.56,150.9,153.66,144.12,146.94,138.24,122.82,116.52,116.82,115.26,115.02,119.64
7810699003 PAWTUCKET RED SOX,9/20/2019,1 Power Factor,Power Factor,78.661583,79.136771,79.629625,79.05646800000001,78.80897,79.506276,77.839623,78.24094000000001,80.73151899999999,81.961207,82.628219,82.98475,82.697598,82.616197,83.832035,82.53510899999999,81.41863199999999,79.24375699999999,76.281432,75.840518,77.164755,76.380087,75.769989,75.547129
7810699003 PAWTUCKET RED SOX,9/20/2019,2 kVAh,kVAh,150.42,145.26,147.3,154.14,150.66,149.04,134.28,131.22,139.5,148.74,151.98,164.64,172.38,182.64,183.3,174.6,180.48,174.36,160.98,153.6,151.38,150.9,151.8,158.34
7810699003 PAWTUCKET RED SOX,9/21/2019,1 kWh,kWh,115.38,115.68,115.56,116.76,115.86,114.96,105.78,100.68,126.96,130.38,142.38,147.72,143.16,150.9,153.12,151.14,134.04,128.34,109.92,105.24,109.32,106.2,110.52,110.1
7810699003 PAWTUCKET RED SOX,9/21/2019,1 Power Factor,Power Factor,75.470179,75.259275,76.425113,75.413002,75.1645,75.525522,74.69171700000001,74.625977,81.672586,82.655775,83.736961,83.546436,84.160718,83.996071,85.045869,82.498211,79.04845999999999,77.414528,75.075812,74.937424,76.50018100000001,74.682154,74.847157,74.86681999999999
7810699003 PAWTUCKET RED SOX,9/21/2019,2 kVAh,kVAh,152.88,153.72,151.2,154.8,154.14,152.22,141.6,134.88,155.28,157.74,170.04,176.82,170.1,179.64,180.06,183.18,169.56,165.78,146.4,140.46,142.92,142.2,147.66,147.06
7810699003 PAWTUCKET RED SOX,9/22/2019,1 kWh,kWh,112.14,107.58,105.18,109.74,111.96,103.98,110.34,98.4,103.56,112.92,130.62,131.34,131.88,128.7,120.96,120.36,127.08,129.6,122.64,122.58,125.1,121.44,119.1,126.6
7810699003 PAWTUCKET RED SOX,9/22/2019,1 Power Factor,Power Factor,74.519715,73.81975899999999,74.64927,75.046666,75.088639,74.443988,74.38963199999999,74.337726,76.500029,77.102174,78.111622,78.71695,78.837959,78.412702,77.635421,76.39035,76.62769300000001,76.749509,76.167852,76.301175,77.168912,75.746367,75.129775,75.57084499999999
7810699003 PAWTUCKET RED SOX,9/22/2019,2 kVAh,kVAh,150.48,145.68,140.88,146.22,149.1,139.68,148.32,132.36,135.36,146.46,167.22,166.86,167.28,164.1,155.76,157.56,165.84,168.84,160.98,160.62,162.12,160.32,158.52,167.52
7810699003 PAWTUCKET RED SOX,9/23/2019,1 kWh,kWh,121.5,123.12,119.1,115.92,119.94,122.22,117.84,112.98,118.92,138.0,149.52,153.78,161.82,169.38,172.08,171.0,185.94,192.36,180.42,178.2,166.44,135.6,137.52,134.58
7810699003 PAWTUCKET RED SOX,9/23/2019,1 Power Factor,Power Factor,75.507408,75.128934,76.070033,75.309024,75.489473,76.517274,76.350094,76.500066,78.378528,80.423581,81.95381,82.39395400000001,82.728044,82.758353,82.91418399999999,81.92276,83.296423,84.591048,84.295757,84.137502,82.535552,76.66419499999999,76.761229,76.437017
7810699003 PAWTUCKET RED SOX,9/23/2019,2 kVAh,kVAh,160.92,163.86,156.54,153.9,158.88,159.72,154.32,147.72,151.68,171.54,182.4,186.66,195.6,204.66,207.54,208.74,223.2,227.4,214.02,211.8,201.06,176.88,179.16,176.04
7810699003 PAWTUCKET RED SOX,9/24/2019,1 kWh,kWh,137.52,132.54,127.08,130.5,128.88,125.58,123.72,118.86,125.58,141.78,159.54,165.12,154.2,156.72,147.54,150.9,142.86,137.04,125.76,120.12,122.7,124.56,116.46,118.5
7810699003 PAWTUCKET RED SOX,9/24/2019,1 Power Factor,Power Factor,76.164328,76.59849100000001,76.596999,75.792839,75.875781,76.27063000000001,76.571537,76.811155,79.236615,81.093827,82.119635,82.36474100000001,81.72091999999999,82.11134100000001,82.292177,81.598348,79.65350600000001,77.617861,75.81026899999999,75.229077,76.14675,75.280175,74.999043,74.917927
7810699003 PAWTUCKET RED SOX,9/24/2019,2 kVAh,kVAh,180.54,173.04,165.9,172.2,169.86,164.64,161.58,154.74,158.4,174.84,194.28,200.46,188.7,190.86,179.28,184.92,179.34,176.58,165.9,159.66,161.1,165.48,155.28,158.16
7810699003 PAWTUCKET RED SOX,9/25/2019,1 kWh,kWh,115.62,119.16,115.86,115.8,112.44,115.02,108.3,101.28,94.98,108.54,122.22,129.36,130.56,133.92,138.06,138.48,130.74,118.68,108.6,105.0,107.04,107.22,106.86,107.34
7810699003 PAWTUCKET RED SOX,9/25/2019,1 Power Factor,Power Factor,74.831749,75.230075,75.61149499999999,75.240965,75.558759,76.284009,76.162091,76.31396099999999,78.208241,79.332668,81.081597,82.318432,82.704102,82.78315500000001,83.428195,81.580841,80.373625,77.159879,75.096942,74.874112,75.624742,74.890536,74.880432,74.385521
7810699003 PAWTUCKET RED SOX,9/25/2019,2 kVAh,kVAh,154.5,158.4,153.24,153.9,148.8,150.78,142.14,132.72,121.44,136.8,150.72,157.14,157.86,161.76,165.48,169.74,162.66,153.78,144.6,140.22,141.54,143.16,142.68,144.3
7810699003 PAWTUCKET RED SOX,9/26/2019,1 kWh,kWh,106.14,104.76,104.94,102.72,103.32,93.18,100.08,96.78,103.44,115.92,118.08,130.98,132.54,136.8,138.3,138.6,137.1,121.98,115.02,112.74,112.26,111.18,110.34,114.3
7810699003 PAWTUCKET RED SOX,9/26/2019,1 Power Factor,Power Factor,74.293999,74.35188199999999,75.518124,74.92209100000001,75.57741899999999,75.575424,75.955706,75.481622,77.733562,79.070545,79.958903,81.866001,81.12192900000001,81.868298,82.258963,81.106075,80.615321,77.88408199999999,76.97791,75.95250300000001,77.344291,76.728666,75.954735,76.62815
7810699003 PAWTUCKET RED SOX,9/26/2019,2 kVAh,kVAh,142.86,140.88,138.96,137.1,136.68,123.3,131.76,128.22,133.02,146.58,147.66,160.02,163.38,167.1,168.12,170.88,170.04,156.6,149.4,148.44,145.14,144.9,145.26,149.16
7810699003 PAWTUCKET RED SOX,9/27/2019,1 kWh,kWh,111.96,111.78,110.16,112.14,109.38,108.84,102.84,91.56,98.64,113.16,117.36,118.38,127.44,126.96,124.98,121.8,123.0,119.22,107.28,107.58,112.26,108.96,107.04,103.26
7810699003 PAWTUCKET RED SOX,9/27/2019,1 Power Factor,Power Factor,76.50690999999999,76.186854,77.33507900000001,76.629584,76.855772,77.824794,78.070373,77.30879,78.961535,79.796681,81.19574200000001,81.52789200000001,81.152998,81.319958,81.566328,80.17035600000001,78.84711899999999,76.590845,74.653175,75.043341,76.242083,74.638451,74.438091,74.204115
7810699003 PAWTUCKET RED SOX,9/27/2019,2 kVAh,kVAh,146.34,146.7,142.44,146.34,142.32,139.86,131.7,118.44,124.92,141.78,144.54,145.2,157.02,156.12,153.24,151.92,156.0,155.64,143.7,143.34,147.24,145.98,143.76,139.14
7810699003 PAWTUCKET RED SOX,9/28/2019,1 kWh,kWh,109.08,105.36,105.84,101.4,98.7,104.52,94.86,89.04,96.48,93.72,106.14,114.84,114.54,116.64,123.42,121.8,109.26,104.16,100.92,104.88,106.26,106.62,100.8,108.18
7810699003 PAWTUCKET RED SOX,9/28/2019,1 Power Factor,Power Factor,74.457693,75.58015999999999,77.44037,75.775015,75.665402,76.540865,75.45728000000001,75.10284200000001,76.82769300000001,75.822132,77.48479,78.38735,78.432073,78.170776,79.451087,78.227563,75.843593,74.91124,74.291303,74.757346,76.329549,75.294568,74.473377,74.95676800000001
7810699003 PAWTUCKET RED SOX,9/28/2019,2 kVAh,kVAh,146.52,139.44,136.68,133.8,130.44,136.56,125.58,118.5,125.58,123.6,136.98,146.46,146.04,149.22,155.34,155.7,144.06,139.02,135.84,140.22,139.2,141.6,135.36,144.3
7810699003 PAWTUCKET RED SOX,9/29/2019,1 kWh,kWh,110.52,108.3,97.62,108.6,110.28,103.98,99.06,102.72,98.76,111.48,112.74,113.04,116.22,111.84,114.54,109.38,116.52,110.22,104.88,108.72,110.22,108.36,109.08,108.72
7810699003 PAWTUCKET RED SOX,9/29/2019,1 Power Factor,Power Factor,74.32459200000001,74.28074699999999,74.295861,74.062318,74.25944399999999,73.413044,72.521754,70.929581,72.09456899999999,73.385009,74.05868199999999,74.493057,75.030612,75.054389,75.71079499999999,74.120703,74.096921,73.74212800000001,73.62696600000001,73.526454,74.650491,74.014829,73.451337,73.363896
7810699003 PAWTUCKET RED SOX,9/29/2019,2 kVAh,kVAh,148.74,145.8,131.4,146.64,148.5,141.6,136.56,144.6,136.98,151.86,152.22,151.74,154.86,148.98,151.26,147.54,157.2,149.46,142.44,147.84,147.6,146.4,148.5,148.14
7810699003 PAWTUCKET RED SOX,9/30/2019,1 kWh,kWh,111.9,105.48,99.9,103.68,104.76,100.38,97.02,89.94,95.82,106.44,113.22,119.94,127.86,123.6,125.04,121.98,124.68,115.74,108.06,99.06,98.7,101.04,102.72,102.36
7810699003 PAWTUCKET RED SOX,9/30/2019,1 Power Factor,Power Factor,73.051925,72.810468,74.091468,73.466889,74.167703,74.72448299999999,74.91601999999999,75.631439,77.937811,79.618264,81.443443,82.094544,82.852469,83.263622,83.281824,81.908953,80.296409,78.85969399999999,77.83516999999999,76.14383000000001,77.372287,75.98894200000001,75.474142,75.98820500000001
7810699003 PAWTUCKET RED SOX,9/30/2019,2 kVAh,kVAh,153.18,144.84,134.82,141.12,141.24,134.34,129.48,118.92,122.94,133.68,139.02,146.1,154.32,148.44,150.18,148.92,155.28,146.76,138.84,130.08,127.56,132.96,136.08,134.7
7810699003 PAWTUCKET RED SOX,10/1/2019,1 kWh,kWh,99.72,100.08,105.72,101.04,101.4,100.86,95.46,93.0,99.06,110.88,128.4,136.56,135.06,133.5,136.44,132.72,126.9,113.52,110.1,108.0,112.5,104.46,109.2,108.3
7810699003 PAWTUCKET RED SOX,10/1/2019,1 Power Factor,Power Factor,74.960003,75.230736,77.08754499999999,75.988845,76.36633499999999,76.861476,76.779137,76.349884,78.131536,79.7116,83.50384100000001,82.70298199999999,81.029685,81.41462,82.357293,81.256715,79.374772,76.271771,75.526511,75.34246,76.67489,74.90894499999999,74.551884,74.175421
7810699003 PAWTUCKET RED SOX,10/1/2019,2 kVAh,kVAh,133.02,133.02,137.1,132.96,132.78,131.22,124.32,121.8,126.78,139.08,153.72,165.18,166.68,163.98,165.66,163.32,159.78,148.8,145.74,143.34,146.7,139.44,146.46,145.98
7810699003 PAWTUCKET RED SOX,10/2/2019,1 kWh,kWh,112.44,114.66,115.62,108.24,112.26,109.92,104.7,99.6,108.72,122.7,123.72,129.12,135.66,137.58,131.46,131.16,124.2,110.16,104.88,102.72,99.9,99.66,101.52,99.66
7810699003 PAWTUCKET RED SOX,10/2/2019,1 Power Factor,Power Factor,74.805887,74.823828,75.988295,74.884162,74.952015,75.233336,75.331425,75.08274899999999,77.252399,79.502157,80.295682,80.408813,80.71683,81.005223,81.182506,79.98084,77.641002,74.27221899999999,73.286361,72.479935,74.256759,73.4296,73.364276,73.747153
7810699003 PAWTUCKET RED SOX,10/2/2019,2 kVAh,kVAh,150.3,153.24,152.16,144.54,149.76,146.1,138.96,132.66,140.7,154.26,154.08,160.56,168.06,169.86,161.94,163.98,159.84,148.26,143.1,141.66,134.52,135.72,138.36,135.12
7810699003 PAWTUCKET RED SOX,10/3/2019,1 kWh,kWh,94.86,94.44,96.18,95.64,95.52,100.38,89.16,86.58,91.8,99.12,122.34,129.12,128.22,133.14,133.02,130.98,127.2,117.84,112.5,112.86,118.26,119.46,119.52,116.28
7810699003 PAWTUCKET RED SOX,10/3/2019,1 Power Factor,Power Factor,73.116833,73.686552,75.293163,73.99948,74.354159,75.173689,74.522627,74.937998,78.29142,79.38911999999999,84.39240799999999,85.978702,85.98760899999999,86.01428100000001,86.743522,85.539613,84.799217,83.21600500000001,82.768534,82.92142199999999,84.285368,82.931696,82.826784,82.542908
7810699003 PAWTUCKET RED SOX,10/3/2019,2 kVAh,kVAh,129.72,128.16,127.74,129.24,128.46,133.5,119.64,115.56,117.24,124.86,144.84,150.18,149.1,154.8,153.36,153.12,150.0,141.6,135.9,136.08,140.28,144.0,144.3,140.88
7810699003 PAWTUCKET RED SOX,10/4/2019,1 kWh,kWh,117.18,115.68,119.4,120.06,118.38,119.04,112.26,109.62,116.76,121.32,125.58,130.68,135.42,142.5,147.48,143.34,136.62,125.46,119.94,117.42,124.14,125.4,118.92,114.48
7810699003 PAWTUCKET RED SOX,10/4/2019,1 Power Factor,Power Factor,82.09169399999999,82.083348,82.812765,82.210053,82.106486,82.226055,82.64152,82.930872,84.245621,83.79086099999999,84.503603,86.01923000000001,86.115753,87.55327,87.515245,86.175946,84.53559200000001,82.694376,82.862988,82.923345,84.00488,83.43448599999999,81.934126,81.505465
7810699003 PAWTUCKET RED SOX,10/4/2019,2 kVAh,kVAh,142.74,140.94,144.18,146.04,144.18,144.78,135.84,132.18,138.6,144.78,148.62,151.92,157.26,162.78,168.48,166.32,161.52,151.74,144.72,141.6,147.78,150.3,145.14,140.46
7810699003 PAWTUCKET RED SOX,10/5/2019,1 kWh,kWh,116.16,113.46,117.24,117.0,115.14,115.86,121.2,117.48,114.6,112.68,116.94,114.36,113.88,112.2,116.94,112.44,110.1,111.6,115.68,115.56,123.06,124.26,114.78,113.34
7810699003 PAWTUCKET RED SOX,10/5/2019,1 Power Factor,Power Factor,81.624877,81.686454,83.010662,82.20898000000001,82.03940300000001,82.628425,83.299136,83.24815100000001,83.154888,82.00761,82.441202,82.472562,82.16743100000001,82.128596,82.412112,81.05933900000001,81.015588,81.673106,82.887626,82.478307,84.131949,83.410811,81.293239,81.475893
7810699003 PAWTUCKET RED SOX,10/5/2019,2 kVAh,kVAh,142.32,138.9,141.24,142.32,140.34,140.22,145.5,141.12,137.82,137.4,141.84,138.66,138.6,136.62,141.9,138.72,135.9,136.62,139.56,140.1,146.28,148.98,141.18,139.08
7810699003 PAWTUCKET RED SOX,10/6/2019,1 kWh,kWh,112.38,115.44,118.98,118.38,117.0,117.96,126.66,119.76,114.06,114.66,110.1,110.46,110.34,109.44,109.68,109.74,117.96,118.92,121.38,119.7,123.78,126.6,117.84,113.7
7810699003 PAWTUCKET RED SOX,10/6/2019,1 Power Factor,Power Factor,81.102198,81.408201,82.307333,81.64364,82.034859,82.598776,83.331076,82.78920699999999,82.571939,81.180146,80.732866,80.886725,81.262381,80.59190100000001,81.17724100000001,80.42329699999999,80.379526,81.25939699999999,82.429214,81.988396,83.42225,82.379561,80.688754,80.399142
7810699003 PAWTUCKET RED SOX,10/6/2019,2 kVAh,kVAh,138.54,141.78,144.6,144.96,142.62,142.8,151.98,144.6,138.12,141.24,136.38,136.56,135.78,135.78,135.12,136.44,146.76,146.34,147.24,145.98,148.38,153.66,146.04,141.42
7810699003 PAWTUCKET RED SOX,10/7/2019,1 kWh,kWh,116.28,113.64,117.48,117.12,117.12,98.94,95.7,93.42,95.4,107.4,115.32,118.74,120.18,123.12,127.8,123.06,120.0,111.18,106.08,102.18,96.6,100.68,97.08,96.42
7810699003 PAWTUCKET RED SOX,10/7/2019,1 Power Factor,Power Factor,80.544422,80.018721,80.772912,79.841227,79.79078100000001,75.57664799999999,76.533417,75.90929100000001,77.555738,79.557753,81.450684,82.621783,82.22465799999999,83.211554,83.828728,82.110536,80.934771,78.484739,77.098176,76.59704,77.59137700000001,76.372978,75.154421,74.775642
7810699003 PAWTUCKET RED SOX,10/7/2019,2 kVAh,kVAh,144.36,142.02,145.44,146.7,146.76,130.92,125.04,123.06,123.0,135.0,141.6,143.7,146.16,147.96,152.46,149.88,148.26,141.66,137.58,133.38,124.5,131.82,129.18,128.94
7810699003 PAWTUCKET RED SOX,10/8/2019,1 kWh,kWh,96.06,94.86,96.9,97.98,96.18,95.94,91.26,91.02,91.92,104.16,106.02,112.32,112.38,113.46,112.8,110.04,96.78,94.2,91.5,90.72,94.74,93.36,92.76,89.22
7810699003 PAWTUCKET RED SOX,10/8/2019,1 Power Factor,Power Factor,75.092813,74.889185,76.099199,74.703,75.06740699999999,75.48583199999999,75.975,76.58475200000001,77.767786,79.98178100000001,81.24904000000001,82.540758,82.839662,82.866713,83.44739100000001,82.097004,78.777503,77.493783,77.981955,77.01832900000001,78.839827,76.75753900000001,75.508815,74.349482
7810699003 PAWTUCKET RED SOX,10/8/2019,2 kVAh,kVAh,127.92,126.66,127.32,131.16,128.1,127.08,120.12,118.86,118.2,130.2,130.5,136.08,135.66,136.92,135.18,134.04,122.82,121.56,117.3,117.78,120.18,121.62,122.76,120.0
7810699003 PAWTUCKET RED SOX,10/9/2019,1 kWh,kWh,88.68,89.58,92.88,96.36,97.26,95.1,93.96,93.96,92.94,106.62,112.98,112.32,114.9,114.0,116.94,117.36,103.26,98.4,102.66,99.66,104.82,103.02,94.98,95.04
7810699003 PAWTUCKET RED SOX,10/9/2019,1 Power Factor,Power Factor,74.872925,76.009235,77.281103,76.62356,77.080433,77.28714000000001,78.218245,79.008196,79.48184499999999,81.466705,82.734289,83.529276,83.402271,83.623738,84.337388,83.381067,79.92741600000001,78.54427,80.107789,79.34825,80.299696,78.982219,76.251288,76.58648199999999
7810699003 PAWTUCKET RED SOX,10/9/2019,2 kVAh,kVAh,118.44,117.84,120.18,125.76,126.18,123.06,120.12,118.92,116.94,130.86,136.56,134.46,137.76,136.32,138.66,140.76,129.18,125.28,128.16,125.58,130.56,130.44,124.56,124.08
7810699003 PAWTUCKET RED SOX,10/10/2019,1 kWh,kWh,94.44,94.98,98.16,98.88,97.98,101.94,97.02,92.28,98.4,119.88,133.38,120.12,122.52,131.46,136.5,135.06,128.94,122.28,105.6,103.2,111.0,114.66,106.92,104.88
7810699003 PAWTUCKET RED SOX,10/10/2019,1 Power Factor,Power Factor,76.4177,76.994755,78.102754,77.445409,77.107447,78.401593,79.972137,79.11017,80.360235,84.078239,84.684575,84.023379,84.91591600000001,86.952182,87.569351,86.612957,85.069975,84.460084,81.255935,80.186667,82.00970699999999,81.563197,79.304985,79.271237
7810699003 PAWTUCKET RED SOX,10/10/2019,2 kVAh,kVAh,123.6,123.36,125.7,127.68,127.08,130.02,121.32,116.64,122.46,142.44,157.56,142.98,144.24,151.2,155.88,155.94,151.56,144.78,129.96,128.7,135.36,140.58,134.82,132.3
7810699003 PAWTUCKET RED SOX,10/11/2019,1 kWh,kWh,105.72,103.8,108.84,108.42,107.7,106.98,107.1,104.76,111.18,116.64,120.12,131.16,133.92,131.82,131.46,127.38,124.02,108.48,103.2,102.48,110.88,113.52,106.26,100.68
7810699003 PAWTUCKET RED SOX,10/11/2019,1 Power Factor,Power Factor,78.798968,79.532474,80.65463199999999,79.56345999999999,79.678609,80.18758299999999,81.7356,80.82093,83.174305,83.179582,84.051665,85.909812,86.324662,86.15465400000001,86.704712,84.95557099999999,83.171714,81.63158100000001,79.90920799999999,79.504991,80.879522,79.801367,77.826922,76.866411
7810699003 PAWTUCKET RED SOX,10/11/2019,2 kVAh,kVAh,134.16,130.5,134.94,136.26,135.18,133.38,131.04,129.6,133.68,140.22,142.92,152.7,155.16,153.0,151.62,149.94,149.1,132.84,129.12,128.88,137.1,142.26,136.5,130.98
7810699003 PAWTUCKET RED SOX,10/12/2019,1 kWh,kWh,99.78,100.32,103.98,108.84,103.62,103.44,104.76,112.14,125.88,121.68,123.78,125.22,122.58,118.74,95.04,95.7,94.62,95.76,99.66,99.6,106.2,108.12,97.32,94.44
7810699003 PAWTUCKET RED SOX,10/12/2019,1 Power Factor,Power Factor,76.914505,76.91229799999999,78.268658,77.385774,77.302932,77.61058100000001,78.605471,80.88266999999999,84.011779,83.79768299999999,84.170225,84.148756,83.839386,82.135751,77.940003,75.98592099999999,75.341427,76.68769499999999,78.34317800000001,77.68463100000001,79.943926,78.859838,75.443639,75.491571
7810699003 PAWTUCKET RED SOX,10/12/2019,2 kVAh,kVAh,129.72,130.44,132.84,140.64,134.04,133.26,133.26,138.36,149.82,145.2,147.06,148.8,146.22,144.48,121.92,125.94,125.58,124.8,127.2,128.16,132.84,137.1,129.0,125.1
7810699003 PAWTUCKET RED SOX,10/13/2019,1 kWh,kWh,95.4,98.94,97.5,102.42,99.12,105.6,101.64,103.8,94.44,95.7,94.26,90.72,91.2,90.48,95.46,93.42,101.34,105.48,105.78,106.2,113.22,113.58,102.06,98.82
7810699003 PAWTUCKET RED SOX,10/13/2019,1 Power Factor,Power Factor,75.77815600000001,75.95514399999999,77.489425,76.737717,76.299726,78.086448,78.13618000000001,77.066665,75.529292,74.880397,74.935805,74.880086,75.101434,74.567578,75.78678000000001,74.927463,75.631578,77.629913,77.99025999999999,77.267992,79.555081,78.092294,75.315078,75.083807
7810699003 PAWTUCKET RED SOX,10/13/2019,2 kVAh,kVAh,125.88,130.14,125.82,133.44,129.9,135.06,130.08,134.7,125.04,127.8,125.76,121.14,121.44,121.32,125.94,124.68,133.98,135.84,135.6,137.34,142.32,145.44,135.48,131.58
7810699003 PAWTUCKET RED SOX,10/14/2019,1 kWh,kWh,97.62,97.62,99.54,100.62,101.58,103.74,102.42,98.22,95.58,95.88,96.42,95.34,94.44,95.28,99.9,101.34,104.28,105.9,104.46,106.14,112.32,115.2,104.52,100.2
7810699003 PAWTUCKET RED SOX,10/14/2019,1 Power Factor,Power Factor,74.456416,75.747225,76.318392,75.639684,75.751549,76.882097,77.650559,76.361174,76.61238399999999,74.943088,75.504692,75.992016,76.116087,76.57090500000001,77.804292,76.803325,77.148434,78.26920600000001,78.202725,78.860465,80.247389,79.112169,76.90529699999999,76.394834
7810699003 PAWTUCKET RED SOX,10/14/2019,2 kVAh,kVAh,131.1,128.88,130.44,133.02,134.1,134.94,131.88,128.58,124.74,127.92,127.68,125.46,124.08,124.44,128.4,131.94,135.18,135.3,133.56,134.58,139.98,145.62,135.9,131.16
7810699003 PAWTUCKET RED SOX,10/15/2019,1 kWh,kWh,99.9,100.86,103.92,100.98,100.8,105.66,102.66,98.28,96.96,110.04,119.64,119.94,125.64,136.74,131.7,125.7,106.32,103.38,107.4,102.84,109.08,105.3,97.44,97.44
7810699003 PAWTUCKET RED SOX,10/15/2019,1 Power Factor,Power Factor,75.88900799999999,76.131722,77.772594,77.204771,77.454543,79.45720899999999,80.273572,79.433815,79.92965699999999,81.14372900000001,82.226704,82.63805,82.80444,84.065496,84.455313,82.93946899999999,80.03699399999999,79.067497,79.539313,78.59468299999999,79.573164,77.858713,75.263311,76.14786
7810699003 PAWTUCKET RED SOX,10/15/2019,2 kVAh,kVAh,131.64,132.48,133.56,130.8,130.14,132.9,127.86,123.66,121.32,135.6,145.5,145.14,151.68,162.66,155.88,151.5,132.84,130.74,135.06,130.8,137.04,135.24,129.48,127.92
7810699003 PAWTUCKET RED SOX,10/16/2019,1 kWh,kWh,92.34,98.7,98.1,97.44,99.9,99.78,102.9,94.5,99.36,97.44,95.58,93.6,91.86,92.64,96.36,93.84,96.18,94.2,96.18,93.9,102.48,103.32,95.88,93.24
7810699003 PAWTUCKET RED SOX,10/16/2019,1 Power Factor,Power Factor,76.415588,77.29567,78.572396,76.96893299999999,77.61971700000001,78.962482,80.99856199999999,79.868899,80.151886,78.001361,77.707237,77.808512,77.913903,78.178335,79.42589699999999,77.99304000000001,78.267161,78.814528,79.394627,78.36023399999999,80.799816,79.171737,77.124121,76.671463
7810699003 PAWTUCKET RED SOX,10/16/2019,2 kVAh,kVAh,120.84,127.74,124.86,126.6,128.64,126.3,127.02,118.32,123.96,124.92,123.0,120.3,117.9,118.5,121.32,120.3,122.88,119.52,121.14,119.7,126.84,130.5,124.32,121.62
7810699003 PAWTUCKET RED SOX,10/17/2019,1 kWh,kWh,91.5,93.42,94.92,93.6,95.22,95.7,95.76,93.42,90.78,101.16,105.96,109.98,118.86,127.2,132.78,132.06,122.16,110.82,103.62,101.76,110.1,113.04,108.0,103.56
7810699003 PAWTUCKET RED SOX,10/17/2019,1 Power Factor,Power Factor,76.325738,77.155202,78.200473,76.998896,77.152902,78.79154799999999,79.43995699999999,78.681928,78.064113,79.866287,81.07301700000001,83.008662,84.498272,86.37609599999999,87.617737,86.72329,84.686525,83.204612,80.960024,80.674415,82.067988,80.46093,79.752762,79.207677
7810699003 PAWTUCKET RED SOX,10/17/2019,2 kVAh,kVAh,119.88,121.08,121.38,121.56,123.42,121.5,120.54,118.62,116.28,126.66,130.68,132.48,140.64,147.24,151.56,152.28,144.24,133.2,127.98,126.12,134.16,140.46,135.42,130.74
7810699003 PAWTUCKET RED SOX,10/18/2019,1 kWh,kWh,106.5,103.2,105.12,108.18,109.98,105.42,103.44,100.92,108.12,113.82,118.56,123.12,129.24,128.04,141.36,143.88,132.78,115.98,111.24,103.44,109.92,109.98,109.02,103.02
7810699003 PAWTUCKET RED SOX,10/18/2019,1 Power Factor,Power Factor,79.24884399999999,79.73881,80.621433,79.91706500000001,80.250429,81.11495699999999,82.096227,81.668023,83.617065,83.70276700000001,85.213842,85.97588,86.924886,85.795569,87.891864,87.776325,85.829408,83.896632,83.606577,81.124209,81.966752,80.291472,78.313121,78.296127
7810699003 PAWTUCKET RED SOX,10/18/2019,2 kVAh,kVAh,134.4,129.42,130.38,135.36,137.04,129.96,126.0,123.54,129.3,135.96,139.14,143.16,148.68,149.22,160.86,163.92,154.62,138.24,132.96,127.5,134.1,136.98,139.2,131.58
7810699003 PAWTUCKET RED SOX,10/19/2019,1 kWh,kWh,107.1,107.46,107.46,106.38,107.1,110.22,128.34,133.92,135.42,132.42,131.22,129.78,127.98,128.22,138.3,133.62,120.54,106.5,104.58,104.82,114.18,113.82,109.2,105.96
7810699003 PAWTUCKET RED SOX,10/19/2019,1 Power Factor,Power Factor,78.389925,78.591824,80.085684,79.35777,79.64485,79.976388,84.87481899999999,87.661165,87.648678,86.71775799999999,86.715508,86.214333,86.145013,86.23812099999999,86.825455,85.757708,83.226156,79.95367900000001,80.021422,79.876727,81.847166,80.52864699999999,78.12753599999999,78.087653
7810699003 PAWTUCKET RED SOX,10/19/2019,2 kVAh,kVAh,136.62,136.68,134.16,134.04,134.46,137.82,150.9,152.76,154.5,152.7,151.32,150.54,148.56,148.68,159.3,155.82,144.84,133.2,130.68,131.22,139.5,141.36,139.74,135.66
7810699003 PAWTUCKET RED SOX,10/20/2019,1 kWh,kWh,107.4,105.48,111.24,109.38,110.52,111.0,122.04,139.32,139.92,140.64,139.08,135.84,128.52,123.54,132.24,129.24,125.34,122.04,113.76,111.78,119.46,119.28,111.48,107.88
7810699003 PAWTUCKET RED SOX,10/20/2019,1 Power Factor,Power Factor,78.595263,79.027798,80.70750699999999,79.73015600000001,80.293494,80.67997,83.434842,86.382304,86.749775,85.435321,85.185079,85.086011,84.834395,83.79379899999999,84.376694,83.748479,81.926024,82.033826,80.26957900000001,79.899048,81.55922,79.70972900000001,78.183941,77.398666
7810699003 PAWTUCKET RED SOX,10/20/2019,2 kVAh,kVAh,136.62,133.44,137.82,137.16,137.64,137.52,146.22,161.22,161.28,164.58,163.26,159.66,151.5,147.42,156.72,154.32,153.0,148.74,141.72,139.86,146.46,149.64,142.56,139.38
7810699003 PAWTUCKET RED SOX,10/21/2019,1 kWh,kWh,108.06,108.96,111.6,108.78,110.28,108.18,106.86,104.76,112.68,120.6,127.26,127.5,133.08,136.68,140.28,144.24,136.26,125.52,119.04,117.12,120.42,119.82,113.28,116.4
7810699003 PAWTUCKET RED SOX,10/21/2019,1 Power Factor,Power Factor,77.662014,77.611589,78.78019599999999,77.71387800000001,78.049019,79.619315,80.72914300000001,80.91296899999999,82.66785,83.33605899999999,83.994478,83.82431600000001,83.76608399999999,84.55998199999999,85.172223,85.10024399999999,84.109526,82.057676,80.808776,80.158759,81.34600400000001,80.491336,79.22887,78.993504
7810699003 PAWTUCKET RED SOX,10/21/2019,2 kVAh,kVAh,139.14,140.4,141.66,139.98,141.3,135.84,132.36,129.48,136.32,144.72,151.5,152.1,158.88,161.64,164.7,169.5,162.0,152.94,147.3,146.1,148.02,148.86,142.98,147.36
7810699003 PAWTUCKET RED SOX,10/22/2019,1 kWh,kWh,110.88,109.08,116.04,113.88,114.3,108.48,107.64,109.38,113.04,123.42,124.44,127.56,132.3,124.32,123.54,120.3,110.4,101.82,104.1,104.64,108.06,109.98,104.04,102.66
7810699003 PAWTUCKET RED SOX,10/22/2019,1 Power Factor,Power Factor,78.68405600000001,79.146745,80.908976,79.241906,79.21093,80.4043,81.347048,81.54691700000001,81.525561,82.916573,83.160779,85.027235,86.33235,86.082985,85.774783,84.168536,82.362689,80.807866,81.454146,80.86935,81.898815,80.605655,79.040471,78.347936
7810699003 PAWTUCKET RED SOX,10/22/2019,2 kVAh,kVAh,140.94,137.82,143.4,143.7,144.3,134.94,132.3,134.04,138.66,148.86,149.64,150.0,153.24,144.42,144.0,142.92,134.04,126.0,127.8,129.36,131.94,136.44,131.64,131.04
7810699003 PAWTUCKET RED SOX,10/23/2019,1 kWh,kWh,101.16,101.64,105.84,104.7,104.46,101.52,100.98,99.18,105.96,115.02,119.28,123.3,120.36,119.7,127.56,120.96,117.18,109.38,104.88,101.76,105.06,107.16,102.18,99.96
7810699003 PAWTUCKET RED SOX,10/23/2019,1 Power Factor,Power Factor,78.859574,79.379307,80.001369,78.919499,79.21074300000001,79.961699,81.30221800000001,80.50639100000001,82.52122299999999,82.836872,83.77508399999999,84.35472,83.982049,83.823803,84.46448199999999,82.905858,82.276862,81.03899,81.451164,80.796327,80.770565,80.341879,79.141715,78.91853
7810699003 PAWTUCKET RED SOX,10/23/2019,2 kVAh,kVAh,128.28,128.04,132.3,132.66,131.88,126.96,124.2,123.18,128.4,138.84,142.38,146.1,143.34,142.8,151.02,145.86,142.44,134.94,128.76,125.94,130.08,133.38,129.12,126.66
7810699003 PAWTUCKET RED SOX,10/24/2019,1 kWh,kWh,99.78,97.5,103.74,104.28,102.18,105.42,103.56,101.76,105.06,114.06,121.32,126.06,124.62,130.32,125.4,120.84,125.88,118.68,102.06,99.84,106.38,110.1,103.44,103.8
7810699003 PAWTUCKET RED SOX,10/24/2019,1 Power Factor,Power Factor,78.78208599999999,78.805699,80.055162,79.526605,78.95257099999999,80.962128,81.955375,81.967232,82.36048199999999,82.83170799999999,84.126653,85.472477,84.35618199999999,85.379375,86.512953,84.62096899999999,84.729036,84.164524,80.562172,80.89489,82.415471,81.546279,79.70525699999999,79.463126
7810699003 PAWTUCKET RED SOX,10/24/2019,2 kVAh,kVAh,126.66,123.72,129.6,131.1,129.42,130.2,126.3,124.14,127.56,137.7,144.18,147.48,147.72,152.64,144.96,142.8,148.56,141.0,126.66,123.42,129.06,135.0,129.78,130.62
7810699003 PAWTUCKET RED SOX,10/25/2019,1 kWh,kWh,103.44,101.22,101.34,104.94,105.9,107.76,107.58,102.3,108.06,118.62,128.34,125.7,121.98,123.9,126.12,123.54,122.28,109.5,100.38,102.0,106.32,105.72,101.7,102.9
7810699003 PAWTUCKET RED SOX,10/25/2019,1 Power Factor,Power Factor,79.737325,79.90645699999999,80.775323,79.931614,80.466858,81.565067,82.44193,82.472574,84.162545,85.178487,85.60303,85.833341,85.83325,85.974375,86.354,84.247416,83.375656,81.198497,79.968301,80.174098,80.921222,79.47359300000001,77.85682299999999,77.495772
7810699003 PAWTUCKET RED SOX,10/25/2019,2 kVAh,kVAh,129.72,126.66,125.46,131.28,131.58,132.06,130.5,124.02,128.4,139.26,149.94,146.46,142.14,144.12,146.04,146.64,146.64,134.82,125.52,127.2,131.4,133.02,130.62,132.78
7810699003 PAWTUCKET RED SOX,10/26/2019,1 kWh,kWh,102.36,100.8,100.56,100.38,101.76,101.52,100.08,97.5,96.48,97.68,98.16,96.36,94.62,93.42,96.18,95.4,96.48,98.82,100.56,98.16,107.88,106.68,101.64,99.6
7810699003 PAWTUCKET RED SOX,10/26/2019,1 Power Factor,Power Factor,77.39414599999999,77.761167,78.835559,77.745006,78.14842800000001,78.90165,79.73180500000001,78.720275,78.757122,77.560505,77.243084,77.234189,76.77326,76.849561,77.933371,76.688681,77.229793,78.962047,79.836125,79.323392,81.259714,80.304575,78.131074,77.426358
7810699003 PAWTUCKET RED SOX,10/26/2019,2 kVAh,kVAh,132.24,129.6,127.56,129.12,130.2,128.64,125.52,123.84,122.52,125.94,127.08,124.74,123.24,121.56,123.42,124.38,124.92,125.1,125.94,123.72,132.78,132.84,130.08,128.64
7810699003 PAWTUCKET RED SOX,10/27/2019,1 kWh,kWh,98.7,97.26,104.16,104.16,99.18,102.84,103.98,98.16,96.72,96.66,96.12,94.02,94.08,94.86,98.7,99.0,98.28,101.46,103.68,102.42,110.58,112.56,103.38,102.3
7810699003 PAWTUCKET RED SOX,10/27/2019,1 Power Factor,Power Factor,77.655369,77.788335,79.59772,78.658198,78.451543,79.949675,80.48101,78.71928199999999,78.025088,77.413351,77.761251,77.996176,78.132614,78.22523000000001,80.086957,79.087111,78.785619,80.009527,80.635763,80.150267,81.796061,80.638364,77.822215,78.1528
7810699003 PAWTUCKET RED SOX,10/27/2019,2 kVAh,kVAh,127.08,125.04,130.86,132.42,126.42,128.64,129.18,124.68,123.96,124.86,123.6,120.54,120.42,121.26,123.24,125.16,124.74,126.78,128.58,127.74,135.18,139.56,132.84,130.92
7810699003 PAWTUCKET RED SOX,10/28/2019,1 kWh,kWh,99.96,101.1,102.66,102.0,107.34,104.82,105.9,100.5,105.3,121.14,120.06,120.18,125.46,126.42,129.3,128.04,118.26,115.56,111.9,105.66,119.7,116.1,106.56,102.42
7810699003 PAWTUCKET RED SOX,10/28/2019,1 Power Factor,Power Factor,77.96409200000001,78.21947,79.589063,78.887178,79.75503,81.209325,82.40349599999999,81.60919200000001,82.919536,84.664348,85.14759699999999,85.932644,85.952403,86.67602,87.214027,86.048478,84.30109499999999,84.461035,83.896867,82.359782,83.310902,83.151247,80.653261,80.205901
7810699003 PAWTUCKET RED SOX,10/28/2019,2 kVAh,kVAh,128.22,129.24,129.0,129.3,134.58,129.0,128.52,123.12,126.96,143.04,141.0,139.86,145.98,145.86,148.26,148.8,140.28,136.8,133.38,128.22,143.7,139.62,132.12,127.68
7810699003 PAWTUCKET RED SOX,10/29/2019,1 kWh,kWh,102.18,102.6,105.3,106.8,105.48,107.76,109.86,106.44,109.98,126.6,125.34,130.98,131.4,131.22,137.22,155.34,153.3,145.68,141.84,136.44,120.24,112.68,103.32,100.98
7810699003 PAWTUCKET RED SOX,10/29/2019,1 Power Factor,Power Factor,80.560233,80.888961,81.96599300000001,80.908801,81.316017,83.475859,84.261939,83.01501,83.663032,85.90436899999999,85.896761,86.082255,87.145573,87.311965,88.102176,88.700796,88.072327,88.03013,87.556317,86.327107,84.32145,81.757264,79.098986,79.230494
7810699003 PAWTUCKET RED SOX,10/29/2019,2 kVAh,kVAh,126.84,126.84,128.46,132.0,129.72,129.06,130.38,128.16,131.46,147.36,145.92,152.16,150.78,150.3,155.76,175.14,174.06,165.48,162.0,158.04,142.44,137.82,130.62,127.44
7810699003 PAWTUCKET RED SOX,10/30/2019,1 kWh,kWh,99.6,99.42,103.5,102.24,102.24,102.06,102.72,102.66,103.56,122.46,129.66,126.96,131.94,127.86,126.3,125.76,118.08,112.14,97.74,101.94,106.38,105.54,108.12,99.3
7810699003 PAWTUCKET RED SOX,10/30/2019,1 Power Factor,Power Factor,79.809585,80.165722,81.141082,80.341223,80.720353,81.772416,82.985879,82.650588,83.096009,85.438216,86.63765,86.796207,86.843132,87.554252,87.465013,86.456463,84.354031,83.959475,81.404438,81.915954,82.558141,81.286375,80.185956,79.476776
7810699003 PAWTUCKET RED SOX,10/30/2019,2 kVAh,kVAh,124.8,124.02,127.56,127.26,126.66,124.8,123.78,124.14,124.62,143.28,149.64,146.28,151.92,146.04,144.42,145.44,139.98,133.56,120.06,124.44,128.88,129.84,134.82,124.92
7810699003 PAWTUCKET RED SOX,10/31/2019,1 kWh,kWh,99.9,99.6,103.56,102.78,101.34,102.42,97.26,97.02,101.16,109.26,115.32,126.0,133.74,133.74,132.0,126.24,127.44,125.16,109.5,106.62,106.56,107.64,106.86,105.12
7810699003 PAWTUCKET RED SOX,10/31/2019,1 Power Factor,Power Factor,78.948185,79.71570200000001,81.209722,80.375076,80.47103800000001,81.434919,81.163372,80.563547,81.842601,82.174254,82.890038,83.814076,85.07785600000001,85.136661,84.993094,82.697898,83.096981,82.64139200000001,78.48505300000001,77.768416,78.509016,77.622567,77.469825,77.763633
7810699003 PAWTUCKET RED SOX,10/31/2019,2 kVAh,kVAh,126.54,124.92,127.5,127.86,125.94,125.76,119.82,120.36,123.6,132.96,139.14,150.18,157.2,157.08,155.28,152.64,153.36,151.44,139.5,137.1,135.72,138.66,137.94,135.18
7810699003 PAWTUCKET RED SOX,11/1/2019,1 kWh,kWh,105.6,106.44,106.32,104.94,107.64,107.94,102.36,101.58,104.82,120.78,120.66,121.8,127.08,123.9,122.4,123.84,121.38,111.66,105.54,103.98,107.64,108.9,103.98,102.36
7810699003 PAWTUCKET RED SOX,11/1/2019,1 Power Factor,Power Factor,77.293938,77.197513,78.235522,76.811717,77.193135,78.012899,78.327244,79.144662,81.707732,83.344205,83.54744699999999,83.945914,83.80976700000001,84.43805,84.660511,82.39583,81.503704,81.007799,80.681161,80.383326,80.387359,79.40180699999999,77.282483,77.26055600000001
7810699003 PAWTUCKET RED SOX,11/1/2019,2 kVAh,kVAh,136.62,137.88,135.9,136.62,139.44,138.36,130.68,128.34,128.28,144.9,144.42,145.08,151.62,146.76,144.6,150.3,148.92,137.82,130.8,129.36,133.92,137.16,134.52,132.48
7810699003 PAWTUCKET RED SOX,11/2/2019,1 kWh,kWh,101.58,102.06,105.66,106.5,106.98,109.68,109.38,108.3,105.96,104.76,101.7,98.52,99.06,100.08,104.1,104.16,106.62,112.8,118.14,113.04,118.74,120.12,108.9,105.36
7810699003 PAWTUCKET RED SOX,11/2/2019,1 Power Factor,Power Factor,77.587727,77.474685,79.085149,77.973547,78.695201,79.842966,80.875714,80.00473000000001,80.23057800000001,78.96648499999999,77.882853,78.33453,78.2134,77.909746,79.32601600000001,78.513825,79.13668,82.00161999999999,82.383966,81.339609,82.595816,81.342876,78.36641999999999,78.67389399999999
7810699003 PAWTUCKET RED SOX,11/2/2019,2 kVAh,kVAh,130.92,131.7,133.62,136.56,135.9,137.28,135.24,135.3,132.06,132.66,130.56,125.76,126.66,128.46,131.28,132.66,134.76,137.52,143.4,138.96,143.76,147.66,138.96,133.92
7810699003 PAWTUCKET RED SOX,11/3/2019,1 kWh,kWh,106.62,107.22,112.2,107.82,111.06,116.88,117.24,116.64,109.26,105.36,101.16,106.68,103.56,109.14,104.16,105.06,106.62,122.64,122.52,126.3,123.9,119.88,112.26,112.02
7810699003 PAWTUCKET RED SOX,11/3/2019,1 Power Factor,Power Factor,78.551168,79.427201,79.752211,80.080377,80.173309,81.741884,82.065197,82.37640999999999,78.90243199999999,78.69896899999999,78.70705600000001,78.850325,79.1408,80.140398,79.119827,78.878935,79.766609,82.30762299999999,82.50660400000001,83.28065,81.57251,81.15718100000001,78.872961,78.500159
7810699003 PAWTUCKET RED SOX,11/3/2019,2 kVAh,kVAh,135.72,135.0,140.7,134.64,138.48,142.92,142.86,141.54,138.48,133.86,128.52,135.3,130.86,136.2,131.64,133.2,133.68,148.98,148.5,151.68,151.92,147.72,142.32,142.62
7810699003 PAWTUCKET RED SOX,11/4/2019,1 kWh,kWh,109.56,115.26,117.18,109.8,110.28,118.74,116.58,120.78,114.12,131.64,160.5,161.52,157.02,148.8,146.4,144.72,143.16,137.88,124.26,134.76,135.18,129.36,120.96,120.96
7810699003 PAWTUCKET RED SOX,11/4/2019,1 Power Factor,Power Factor,78.731148,80.092884,79.258558,79.318005,79.63232099999999,82.618578,83.558347,83.842087,81.700598,85.08932800000001,89.399653,89.171291,88.105848,87.94873199999999,87.298169,87.106851,86.835356,85.999542,83.857562,84.66977299999999,84.064298,84.44550600000001,82.012955,82.680922
7810699003 PAWTUCKET RED SOX,11/4/2019,2 kVAh,kVAh,139.14,143.88,147.84,138.42,138.48,143.7,139.5,144.06,139.68,154.44,179.52,181.14,178.14,169.2,167.7,166.14,164.88,160.32,148.2,159.12,160.8,153.18,147.48,146.28
7810699003 PAWTUCKET RED SOX,11/5/2019,1 kWh,kWh,120.36,126.6,135.54,139.68,138.72,145.86,147.24,146.64,139.92,145.92,151.86,154.74,173.22,178.98,178.86,175.32,171.36,165.42,162.9,167.22,163.26,163.44,159.42,160.56
7810699003 PAWTUCKET RED SOX,11/5/2019,1 Power Factor,Power Factor,82.21355600000001,82.949046,84.21289300000001,85.238755,85.768425,87.184225,87.279112,87.6907,86.215856,87.305012,88.00954300000001,88.96329300000001,90.479574,91.41965,90.803111,90.209161,90.009816,90.189576,88.980396,88.811463,87.91749300000001,87.987775,87.981025,88.362962
7810699003 PAWTUCKET RED SOX,11/5/2019,2 kVAh,kVAh,146.4,152.58,160.92,163.86,161.76,167.34,168.72,167.22,162.3,167.16,172.5,173.94,191.4,195.78,196.98,194.34,190.38,183.42,183.06,188.28,185.7,185.76,181.2,181.74
7810699003 PAWTUCKET RED SOX,11/6/2019,1 kWh,kWh,161.76,164.82,160.62,162.6,157.86,158.64,151.92,155.34,165.54,168.96,169.02,173.1,169.8,168.54,169.26,165.84,157.38,150.12,149.88,154.92,154.44,153.36,151.86,153.66
7810699003 PAWTUCKET RED SOX,11/6/2019,1 Power Factor,Power Factor,88.869228,89.05455400000001,88.614023,88.247525,88.675483,88.802492,88.624025,89.334524,89.520356,89.708515,90.34864499999999,90.66869799999999,89.870439,90.639353,90.388763,89.77333,89.263857,88.47546700000001,88.402384,88.849361,87.646909,87.481977,87.27373100000001,87.437112
7810699003 PAWTUCKET RED SOX,11/6/2019,2 kVAh,kVAh,182.04,185.1,181.26,184.26,178.02,178.68,171.42,173.88,184.92,188.34,187.08,190.92,188.94,185.94,187.26,184.74,176.28,169.68,169.56,174.36,176.22,175.32,174.0,175.74
7810699003 PAWTUCKET RED SOX,11/7/2019,1 kWh,kWh,150.84,153.0,154.14,152.82,153.0,147.6,142.62,146.88,152.58,163.2,166.02,166.8,160.26,163.02,167.64,168.48,163.44,177.06,173.64,180.78,180.78,178.26,153.96,157.5
7810699003 PAWTUCKET RED SOX,11/7/2019,1 Power Factor,Power Factor,87.719114,88.296277,87.461637,87.620529,88.10632700000001,87.862913,88.42859,88.126642,87.629257,88.73762099999999,90.062338,90.405591,89.755321,90.66120500000001,90.134088,89.437007,89.841832,90.8868,91.29843199999999,91.41756099999999,91.220541,90.417583,88.325445,88.26640400000001
7810699003 PAWTUCKET RED SOX,11/7/2019,2 kVAh,kVAh,171.96,173.28,176.22,174.42,173.64,168.0,161.28,166.68,174.12,183.9,184.32,184.5,178.56,179.82,186.0,188.4,181.92,194.82,190.2,197.76,198.18,197.1,174.3,178.44
7810699003 PAWTUCKET RED SOX,11/8/2019,1 kWh,kWh,157.86,162.36,164.1,162.84,160.5,157.44,154.32,157.62,159.54,169.2,176.22,175.26,182.88,186.9,187.86,184.2,197.1,188.16,188.1,195.66,191.46,176.46,167.34,172.08
7810699003 PAWTUCKET RED SOX,11/8/2019,1 Power Factor,Power Factor,88.38345799999999,88.773736,88.515001,88.66269100000001,88.910624,89.098283,89.334517,90.022144,89.50239499999999,90.49961,91.388003,91.02409200000001,91.639362,93.043654,92.661064,92.668755,92.901671,92.854229,91.894143,92.820399,91.384879,89.922953,89.448155,89.092949
7810699003 PAWTUCKET RED SOX,11/8/2019,2 kVAh,kVAh,178.62,182.88,185.4,183.66,180.54,176.7,172.74,175.08,178.26,186.96,192.84,192.54,199.56,200.88,202.74,198.72,212.16,202.62,204.72,210.78,209.52,196.2,187.08,193.14
7810699003 PAWTUCKET RED SOX,11/9/2019,1 kWh,kWh,173.7,176.16,177.54,174.36,173.34,171.18,174.0,177.3,183.66,180.18,179.64,188.58,189.84,194.82,189.42,182.04,180.84,170.16,155.76,161.82,165.06,165.54,151.26,152.28
7810699003 PAWTUCKET RED SOX,11/9/2019,1 Power Factor,Power Factor,88.887388,89.41552800000001,89.28919300000001,89.11305899999999,89.500295,89.68765,89.978509,90.83498399999999,90.02806600000001,90.396469,90.291136,90.899561,91.04782,91.286559,91.088617,91.194928,91.529239,89.773241,88.81482199999999,89.305308,88.40135500000001,88.09193,86.606539,86.583611
7810699003 PAWTUCKET RED SOX,11/9/2019,2 kVAh,kVAh,195.42,197.04,198.84,195.66,193.68,190.86,193.38,195.18,204.0,199.32,198.96,207.48,208.5,213.42,207.96,199.62,197.58,189.48,175.38,181.2,186.72,187.92,174.66,175.86
7810699003 PAWTUCKET RED SOX,11/10/2019,1 kWh,kWh,156.66,154.74,158.94,156.24,156.48,165.48,163.5,167.28,154.32,148.26,150.06,148.68,147.0,150.06,150.42,148.14,151.68,160.68,160.14,161.94,165.36,166.44,152.76,152.88
7810699003 PAWTUCKET RED SOX,11/10/2019,1 Power Factor,Power Factor,86.304108,87.362796,87.5988,87.585627,87.487024,89.05635600000001,89.02510500000001,89.25551800000001,87.544441,87.62786899999999,86.844631,85.964355,86.51167099999999,87.270275,86.424291,86.547464,87.53035899999999,88.716356,88.647483,89.315925,88.370595,88.53904,86.452771,86.699108
7810699003 PAWTUCKET RED SOX,11/10/2019,2 kVAh,kVAh,181.56,177.12,181.44,178.38,178.86,185.82,183.66,187.44,176.28,169.2,172.8,172.98,169.92,171.96,174.06,171.18,173.28,181.14,180.66,181.32,187.14,187.98,176.7,176.34
7810699003 PAWTUCKET RED SOX,11/11/2019,1 kWh,kWh,153.0,154.44,155.82,154.8,151.62,156.66,150.96,150.12,141.6,138.48,140.76,140.16,142.2,143.88,144.18,145.32,144.6,151.74,150.18,160.62,153.0,155.22,140.88,137.1
7810699003 PAWTUCKET RED SOX,11/11/2019,1 Power Factor,Power Factor,86.735667,87.17109,86.513215,86.69409300000001,87.094063,88.23532,88.93362900000001,89.261567,87.026878,87.292402,87.837645,87.707771,87.64826500000001,88.114447,87.291721,87.431914,87.689542,88.956445,88.957912,89.39190699999999,88.844443,88.623914,86.52977299999999,86.784654
7810699003 PAWTUCKET RED SOX,11/11/2019,2 kVAh,kVAh,176.4,177.18,180.12,178.56,174.06,177.54,169.74,168.18,162.72,158.64,160.26,159.84,162.24,163.32,165.18,166.2,164.94,170.58,168.84,179.7,172.2,175.14,162.84,157.98
7810699003 PAWTUCKET RED SOX,11/12/2019,1 kWh,kWh,139.2,141.06,137.4,141.06,135.36,144.54,149.04,149.82,148.98,163.02,169.74,171.42,174.54,176.22,175.38,169.56,169.08,157.32,151.5,158.64,157.32,157.86,156.72,150.96
7810699003 PAWTUCKET RED SOX,11/12/2019,1 Power Factor,Power Factor,86.74233000000001,87.675146,87.07159200000001,86.954136,87.24698599999999,88.666214,88.530967,89.37245899999999,88.799293,90.353584,91.100578,90.676893,91.051507,91.29705200000001,90.94417800000001,91.335448,90.732858,89.58783000000001,89.447498,89.623787,88.97691400000001,89.273423,88.480249,89.09391
7810699003 PAWTUCKET RED SOX,11/12/2019,2 kVAh,kVAh,160.5,160.92,157.8,162.24,155.16,163.02,168.36,167.64,167.76,180.42,186.3,189.06,191.7,193.02,192.84,185.64,186.36,175.62,169.38,177.0,176.82,176.82,177.12,169.44
7810699003 PAWTUCKET RED SOX,11/13/2019,1 kWh,kWh,155.94,156.84,157.74,158.34,151.86,155.88,155.94,159.78,165.54,180.42,179.58,179.88,187.14,184.26,190.98,177.96,175.5,147.0,127.14,133.32,133.74,130.62,124.38,123.36
7810699003 PAWTUCKET RED SOX,11/13/2019,1 Power Factor,Power Factor,89.00771999999999,89.28854,88.878465,89.100098,89.688524,89.013263,89.494159,89.81275500000001,89.48899499999999,90.572822,91.142177,90.99284300000001,91.047364,92.112966,91.889103,91.768511,91.894675,92.111384,92.252707,92.923626,92.217413,92.08698000000001,92.446853,92.032788
7810699003 PAWTUCKET RED SOX,11/13/2019,2 kVAh,kVAh,175.2,175.68,177.48,177.72,169.32,175.14,174.24,177.9,184.98,199.2,197.04,197.7,205.56,200.04,207.84,193.92,190.98,159.78,137.82,143.46,145.02,141.84,134.52,134.04
7810699003 PAWTUCKET RED SOX,11/14/2019,1 kWh,kWh,124.92,127.8,130.08,126.18,126.18,129.66,125.16,128.94,138.72,162.36,184.5,183.24,180.36,183.84,195.3,199.62,200.1,196.5,181.62,185.88,181.14,182.28,157.98,157.56
7810699003 PAWTUCKET RED SOX,11/14/2019,1 Power Factor,Power Factor,92.451573,92.88841,92.20857,92.235185,92.26907,92.230535,92.26511500000001,93.194924,93.222224,92.327461,90.392353,91.274288,91.258038,92.096461,92.270084,92.519486,92.53805799999999,91.890737,91.5844,91.92702299999999,91.206336,90.797135,89.290525,89.13732399999999
7810699003 PAWTUCKET RED SOX,11/14/2019,2 kVAh,kVAh,135.12,137.58,141.06,136.8,136.74,140.58,135.66,138.36,148.8,176.04,204.12,200.76,197.64,199.62,211.62,215.76,216.24,213.84,198.3,202.2,198.6,200.76,176.94,176.76
7810699003 PAWTUCKET RED SOX,11/15/2019,1 kWh,kWh,155.76,159.84,159.96,159.6,158.1,160.68,154.98,158.88,164.1,168.72,165.3,172.32,174.42,173.46,168.12,161.1,154.8,144.84,145.68,145.98,147.78,147.84,141.78,142.74
7810699003 PAWTUCKET RED SOX,11/15/2019,1 Power Factor,Power Factor,89.149902,89.012194,88.37001,88.373859,88.84093399999999,88.531215,88.915993,89.187201,89.16963299999999,89.927563,90.535333,90.09370600000001,90.372528,90.769217,90.247609,90.128956,89.71826999999999,89.310565,88.421447,88.840374,87.935845,87.657365,87.81348100000001,88.117529
7810699003 PAWTUCKET RED SOX,11/15/2019,2 kVAh,kVAh,174.72,179.58,181.02,180.6,177.96,181.5,174.3,178.14,184.02,187.62,182.58,191.28,193.02,191.1,186.3,178.74,172.56,162.18,164.76,164.34,168.06,168.66,161.46,162.0
7810699003 PAWTUCKET RED SOX,11/16/2019,1 kWh,kWh,143.04,143.7,146.94,148.92,145.92,152.46,151.38,152.1,170.76,175.8,175.44,176.28,175.02,167.94,151.68,147.66,148.02,148.32,144.72,149.64,152.94,151.38,136.44,138.66
7810699003 PAWTUCKET RED SOX,11/16/2019,1 Power Factor,Power Factor,88.043983,88.805483,88.073295,88.30623800000001,88.568313,88.412984,88.212777,88.67411,90.172025,90.721601,91.039603,91.15236999999999,91.074628,90.67924000000001,88.84987,88.73574599999999,89.22398299999999,88.95402,89.035719,89.77069499999999,88.875525,88.61420799999999,87.39344100000001,86.55460699999999
7810699003 PAWTUCKET RED SOX,11/16/2019,2 kVAh,kVAh,162.48,161.82,166.86,168.66,164.76,172.44,171.6,171.54,189.36,193.8,192.72,193.38,192.18,185.16,170.7,166.44,165.9,166.74,162.54,166.68,172.08,170.82,156.12,160.2
7810699003 PAWTUCKET RED SOX,11/17/2019,1 kWh,kWh,140.04,144.06,144.6,139.74,146.7,156.9,151.56,158.94,147.78,141.66,142.56,146.58,142.32,147.36,154.5,148.32,147.24,150.48,150.3,151.8,153.72,153.84,133.5,135.12
7810699003 PAWTUCKET RED SOX,11/17/2019,1 Power Factor,Power Factor,87.224735,87.599866,86.94329599999999,87.45599399999999,87.24659100000001,88.232025,88.174674,88.53746600000001,86.513276,86.802902,87.184661,87.417185,87.95030899999999,88.474409,88.45379,89.108815,89.589344,89.275008,89.298693,89.33666,88.493747,88.746996,87.186149,87.178562
7810699003 PAWTUCKET RED SOX,11/17/2019,2 kVAh,kVAh,160.56,164.46,166.32,159.78,168.12,177.84,171.9,179.52,170.82,163.2,163.5,167.7,161.82,166.56,174.66,166.44,164.34,168.54,168.3,169.92,173.7,173.34,153.12,154.98
7810699003 PAWTUCKET RED SOX,11/18/2019,1 kWh,kWh,136.26,140.82,141.3,138.9,140.58,147.9,143.4,150.48,145.62,165.36,169.32,196.14,189.18,192.9,188.34,184.08,177.54,165.3,164.04,163.08,163.38,160.56,160.86,162.24
7810699003 PAWTUCKET RED SOX,11/18/2019,1 Power Factor,Power Factor,87.581164,87.526115,86.587614,87.231001,87.677988,88.89361,89.247045,89.79585,88.657166,91.256682,92.2051,92.892577,92.945621,92.72771800000001,91.890748,91.65856600000001,91.157619,90.263508,89.874537,90.01807,88.980446,88.373738,88.223047,87.734954
7810699003 PAWTUCKET RED SOX,11/18/2019,2 kVAh,kVAh,155.58,160.92,163.2,159.24,160.32,166.38,160.68,167.58,164.22,181.2,183.6,211.14,203.52,208.02,204.96,200.82,194.76,183.12,182.52,181.14,183.6,181.68,182.34,184.92
7810699003 PAWTUCKET RED SOX,11/19/2019,1 kWh,kWh,163.62,163.86,165.72,163.56,161.16,156.18,153.24,149.52,155.94,162.6,178.68,188.4,186.18,186.42,187.38,168.96,165.78,157.38,158.16,155.64,157.68,157.68,155.88,158.16
7810699003 PAWTUCKET RED SOX,11/19/2019,1 Power Factor,Power Factor,87.996411,88.375036,87.65563,87.87821600000001,88.011979,88.082626,88.368443,88.967853,88.884259,89.672637,91.486848,91.515842,91.050435,91.602297,90.733991,89.647418,89.855889,89.29720400000001,88.581401,89.07511,88.54321,87.692215,87.620695,87.595228
7810699003 PAWTUCKET RED SOX,11/19/2019,2 kVAh,kVAh,185.94,185.46,189.06,186.12,183.12,177.3,173.4,168.06,175.44,181.32,195.3,205.86,204.48,203.52,206.52,188.46,184.5,176.22,178.56,174.72,178.08,179.82,177.9,180.6
7810699003 PAWTUCKET RED SOX,11/20/2019,1 kWh,kWh,154.08,160.08,160.98,158.58,154.68,154.32,152.28,156.06,159.66,,,,,,,,,,,,,,,
7810699003 PAWTUCKET RED SOX,11/20/2019,1 Power Factor,Power Factor,87.849051,87.795187,87.369478,87.44256700000001,87.83443100000001,87.931448,88.34192900000001,88.832255,88.409364,,,,,,,,,,,,,,,
7810699003 PAWTUCKET RED SOX,11/20/2019,2 kVAh,kVAh,175.38,182.34,184.26,181.38,176.1,175.5,172.38,175.68,180.6,,,,,,,,,,,,,,,
